8.100820549815927
10.292079927072422
9.834080487091702
8.96461872398436
12.685911210290385
9.63510779058014
10.224165365634574
11.59502888486576
8.90393962254832
12.487441697669619
7.775635655139916
10.08321675639277
12.024462218643922
14.482092035620195
8.479695129413674
8.871951030259643
10.2246619201184
10.08355760123974
8.256262548609984
12.89796750045364
10.507160636855412
11.111236315622666
9.084963455216581
8.37177502547288
12.237030601856258
16.758517175489047
11.600154802651907
9.054806698987658
16.067558202472227
9.484095691327616
14.276072831744932
13.651481148196117
12.051702248565132
13.827452527632666
13.11051481180655
14.259622874912306
11.48899224545292
11.180002456874513
14.341438144748913
12.163852132337935
11.501189185428558
10.392562688497403
11.286344463503925
11.968748066460956
10.87147892436612
12.323408505012518
12.885243966927147
12.530014046958618
12.113958212706459
13.396079425549958
10.692013293128118
14.842460611232434
14.04793229572076
11.043756012621309
12.850315251368324
15.170438123573751
11.65029334583256
11.727828999377282
15.492927552889759
20.423689283887345
14.329276051452513
14.200168024135888
13.782365873817424
14.34249921257701
14.219598583475785
10.956843294605248
17.056711149392562
12.817940445271033
8.879057436716579
7.953712584748694
11.146321178277155
17.012791987339547
9.12635290215154
11.602802018741226
8.063748351241653
9.952452168439557
10.745111660904982
15.964918769105195
8.89313506388656
11.213687442521964
7.85970535866722
8.89082124330907
12.988412776718071
8.422393500279115
9.277517396657789
11.859565386841204
11.92594361052135
12.393436656452256
12.963971802276529
12.383349214557207
18.60312212635067
17.152504682868567
9.952616612135358
9.434460207861322
9.971513913546998
11.661507187030912
12.959049733881804
9.567293580716322
10.996731426166255
9.972024818103227
9.181114252866248
9.397906865991457
11.488489914181132
10.6376682869248
8.93190186195065
9.082465476346911
10.342332441264304
9.14099736805815
9.997195961216086
11.028208498599875
11.554290210178257
14.590341070178578
16.280419759224028
8.619876411649084
11.037606730911008
9.76345864356485
10.340753947791848
14.67910901891101
15.299473157348812
8.312534046354518
11.230396268821941
9.508055845501593
16.856743641823876
13.123019440953046
11.659189335761754
7.496194909849242
12.89140774106809
10.815114555318972
9.739245805591494
11.130195408680267
9.824640120059065
10.273535863670622
9.648216695707626
9.655819886800165
13.811744677009182
7.489104328042153
9.410111657630283
8.506288973468289
11.760605420652327
10.207093063282716
8.677506601297612
11.327688305601956
16.619409390706064
14.160332241231364
11.85518413126824
11.389250997900088
10.907281612278691
7.28043624091634
10.190549255118475
12.578649770810657
9.438116526080677
9.970826777025273
10.233355973943477
9.987617864865404
8.994242133496487
10.918630675403781
12.466963696284097
10.353925657197841
9.444599026129003
12.251571607863857
8.623549614935792
17.173500711419365
12.027773683142508
11.569945505075463
11.8335199003078
11.55700072339213
16.58642475312244
14.619148758619021
11.95377310473459
9.103932671359933
11.47757370270251
11.979375214184822
11.91501924166719
8.839797260188979
9.554850647397753
12.523607245890396
11.398666240517436
7.820918555134811
11.342353260408496
17.524400740401962
14.771250964239847
8.104193333542815
7.289914897299247
19.757672490981427
16.555553194152047
15.824654566919381
6.962629614687942
9.71745102378073
9.474025453505293
8.336335854914383
11.146565675957
17.460383275634335
11.325939036054708
10.637449844790929
6.693413529776569
11.85629787502961
12.63119376116847
9.240472380626743
12.97814450116511
8.66662405309999
12.523772010661462
8.483979870198727
8.118849648409288
18.855655012768324
9.33765196664119
12.446910444761327
8.155683621731505
9.085182819164853
12.53366596725237
11.830992694699166
10.790742626043665
14.5357267549999
16.82996265346194
13.214752715575408
17.99422575819565
9.764517293135091
10.116179545730555
10.470355652236737
8.401028976960829
10.153272481821931
14.154692245480334
11.655920823419924
12.829515047867634
12.819175459505681
12.263473976362125
14.382637313327429
17.00324686173289
13.027872299716215
12.068307158900911
17.844041384661914
14.235910833692948
13.436442942353214
9.482521938966544
12.56811031434242
15.071008034968646
16.145673957721357
14.681213720510737
14.309182809013334
12.662007026827698
13.583878120875754
10.290590545711499
8.82391963690259
8.352421884313314
12.679633553149912
10.197887157063846
9.428799450939682
10.381239478499564
13.399925420697624
8.074865765062855
9.661024376432154
15.38300775679549
9.446419772080105
8.942252774750816
9.442878815064006
9.105437571306862
15.076623924785444
9.216423941535117
19.90376070589682
20.217244325884455
10.098263669899156
17.1821246507595
9.976143255825052
10.65877078302728
12.393176882023164
12.524490493950466
8.47433833247231
11.985237113760531
8.95036678601455
14.052541498729338
13.486563411991066
9.23695689731351
8.022155729220195
9.746102952889304
12.326351771500669
7.158424748977687
8.800427624589323
13.512913406524271
9.891511750845213
9.128285765694075
10.88647623060541
7.526006651062644
7.83022177384269
12.584242330088484
8.646150223537376
10.154182178873882
12.916270851222224
9.64543810001475
9.182254871494779
12.799146520686191
17.096708651657966
15.88655925788065
13.613294438696846
15.048796648745626
14.317614583439608
12.993349503789236
12.601096913666339
16.167922065764035
12.35167118967673
14.086532712608411
13.34204653241723
15.23060996702817
11.259397169059538
8.641058912856645
6.980372657549199
7.7317797341283425
6.7705830858116895
10.115640235814984
11.083077210376514
7.917066003944429
8.901833930008701
7.7626247123543894
8.406379443360684
7.958391390857859
10.184795221767935
8.110752884459492
8.90660022636475
11.775177642957887
9.644099211942114
8.883721060592324
10.895407412193348
11.071138345618435
7.994706321057336
7.761521595444677
14.067255032076021
7.350168169868378
9.19437037873745
8.229788785230333
11.133761107752456
11.765225738482625
12.285522527372184
13.441846844745433
18.33549706402441
12.562033118155053
15.156288825889726
13.954999444793701
14.359701277923033
14.826165308522187
13.114796372274014
13.76013652525703
10.616908068812387
10.439262224526113
11.009212056808483
9.860035280471163
12.530161885012246
11.556848905138136
12.91246003205793
13.555427283285152
14.228028558747166
10.856189051320575
13.12101930764665
14.85620867121357
10.440638534508086
11.405531719720582
10.86533695209538
10.77236577705184
11.562093801280765
8.70669832694468
10.863063799616778
19.521550672737334
12.556561715886184
10.679681116191851
9.201091519298133
9.675097673570221
10.106149768650946
8.799331457478543
10.583445457133918
10.0665954238819
10.205930695563108
11.016780870104283
14.382965483783627
15.34414746422577
9.841530371897235
8.462718178590281
9.599584258513284
9.090901715345913
10.611581474088142
10.948267772764954
15.314062048892595
10.173023090033888
12.428011852891709
8.450811378664172
12.872518544389292
11.213347178988975
10.446198015909086
10.369317080092728
10.995905543149206
10.446037761496651
12.901141451831663
13.67597294031107
10.36430185307371
15.809504559255023
18.201888023303578
13.595090560127792
10.007473234052545
11.43872374207999
15.593981082344921
16.81956275903141
13.182741931100251
19.201236779175034
12.535656379504873
12.29148386761405
10.547302016030777
10.23144162736089
12.351313471591252
11.55873708964104
13.879410003517894
10.711437826596386
12.935622079931932
11.99359832448256
13.651639387152612
8.531478077106087
10.329440467930466
12.043950070319429
12.481568955595797
10.567138675991986
10.076931189077271
11.47481287365749
10.435905350684509
9.92999312636613
11.576783644410966
12.666462129128982
11.741321386267119
12.126496303459753
13.201028140521194
11.912816915522312
11.354682518596745
13.460028321933358
14.496859035669347
8.887657422842608
9.983641362106198
9.498890362552212
9.17601731390702
10.28921862673718
10.500316591919871
11.896587228001762
10.989223047361268
18.846913075649482
12.062303544102157
9.359586372316079
10.582349327171606
10.947861801441011
14.525204947557617
8.542150082899816
12.600680605851636
14.70155157412415
11.247867817959092
10.590386918844292
11.584797248680415
10.83649118919105
11.046009112968079
12.788705976880909
10.486167746326311
8.586095645494067
8.447735923119174
11.96841501353852
10.351784084005622
17.129616444030642
9.604033989716884
10.735678938934505
22.38586662793124
9.985816099703962
8.194811341344808
11.789096424542283
10.369402140972047
8.454048770547509
11.761609183210554
10.071293062777688
12.291708369723244
10.13809082567281
10.986268552573604
10.301868045559752
11.70689116610343
10.711010437165752
12.756908047018218
14.065726868844827
14.231142252065549
10.546985101499114
11.161048463479114
10.992218663218667
11.626926453743152
10.618066697747642
11.765224428375237
12.449284138478493
9.721701877012684
11.854418125403486
12.316377346644202
11.099487915827407
11.473467017620123
16.297247563389554
16.74498262969017
11.559304410207142
9.427716553416635
12.84727248743792
10.364839064934163
15.641462603752409
11.904361021910173
11.665730887221068
9.580349641484995
9.337150108703293
9.044159845568316
9.96429585258033
16.722605696287488
13.915412986280579
13.178034754407232
16.378494716296117
12.949661199546442
21.919739876035706
11.189655003089186
11.482457128282112
11.437064273711176
14.223661361992571
7.275685768216265
14.820590825907544
7.91782052024736
9.17948744838467
13.082023356323344
14.983245938910905
15.980162703652024
9.472696184194433
13.717761156932488
11.799567046692218
9.455241607834624
10.293997959619997
10.576297151104537
9.021729577016728
9.789720690247169
14.937288494833691
16.38010347234479
16.705182115329414
17.474601004395815
15.11299719583928
18.599708957144582
16.025574981052298
8.314164423538408
13.455837671230501
15.890349639634616
15.117340213439462
15.801432472199876
8.479733519417605
13.99514587365185
12.019498707182189
10.3177254932889
15.273490204391317
13.561809474981349
16.98496007494742
9.602181339326922
10.243256167967637
11.172249939717213
18.094672330328052
9.159538387965991
8.680310887016946
8.732308263416847
14.146258797504373
13.824490994640652
13.562706711794126
16.60236035189224
18.02547993630482
15.847106866257505
16.07678081802916
14.210148699195704
11.429485622242225
15.030366055887182
10.054200777460839
9.9116138553547
11.412136973764822
12.799056984965135
11.103148461894035
8.91885982409968
8.279174479055058
13.345172669794154
9.654830442200167
10.102586892646675
8.594138737826196
13.124164634813958
12.17088506545029
13.722678749461911
9.412419810616807
10.97972974934891
12.50909564115422
13.815001926298795
11.413111691941685
10.226700950448292
7.902966721914601
10.74602451337441
9.110947532857768
8.931427509508145
8.487947424535287
9.318341173439286
9.98552659072176
8.956762167905362
7.900066845383007
10.93213649088925
11.643130840036411
10.903816133533104
18.16444663626701
9.279608940425742
10.547361666937983
12.241166047704683
11.439025865433461
12.63659094000416
14.886348276657186
11.799749270137605
13.703824374477039
18.25294592120621
14.929012865014297
11.971709658920066
10.4142676687485
12.949226995642505
16.111129196083912
8.401009152479084
12.244329823281827
11.745026895785882
20.288544244534755
10.684229809505652
9.216029104875942
15.838580622616304
9.142323749746847
10.047081870197168
13.327710025244084
13.203421546976916
11.934304679238098
18.946402776629363
8.118471180546269
18.977790247284837
15.13481805652897
8.548269368415708
14.805272604699956
12.688013288851101
13.446338640837293
9.28453871434509
10.872834367651127
9.929731664013948
12.275031263205058
7.693878593798847
13.75986728041199
16.201617962510877
11.27276649579338
12.379156460816578
12.830039320567211
9.316095175969021
11.80916856058331
8.727810848629858
10.03510213619965
9.0370942935489
10.44793007248699
10.892408254886558
7.238275825557379
7.583185483084407
10.592426039568418
10.881361412853233
12.566456085868333
10.73404824113783
10.234102231984632
9.602978035705645
11.64150310074027
12.205816437165867
11.361440277654804
10.635842620793776
11.731620977330316
8.932992211774996
15.261641870933397
13.62983343846408
13.103145542505128
9.222535672404412
8.08353186066534
17.249251009447303
8.724158527929173
8.486007642010982
7.481726933392586
8.863138967275656
8.927011852157014
9.760105334740741
10.628269197667217
8.054055878152612
11.35429946769484
9.346357321916608
11.670943189379878
9.005250361742146
15.364282917075986
17.71130698398501
11.078146737794228
8.114986164117473
18.16667849170736
18.174256822946102
19.39238334658187
10.092153670096623
18.3492900735514
8.851405191714699
10.576912537864306
9.769697718600936
10.079176266477871
12.54794602024852
8.383307833228864
13.514985288720657
10.113722860220754
11.042167005181794
15.70510117050233
15.3119952353545
8.693759810033384
12.127114275720558
13.139838243964473
10.988617646866192
8.141450935636561
9.670761623391948
10.677288784553552
10.419905702745808
11.085876983018407
16.807410276874617
11.601362703428233
18.969679430410437
13.299575815708273
13.633842865238224
13.044461422493194
13.538648636893441
18.2203896679827
15.071832944318963
9.895582623191753
9.640404929521935
9.984216578095758
11.258694765508455
13.391416757766711
13.107089417967222
17.00690581189899
13.774104877236065
14.588231040972122
14.583578431062028
12.098467634693321
19.70259340774698
17.559911948334644
15.56385230898792
15.040968332019476
15.389443083464958
14.032162472460815
14.757825472536103
14.248040561856627
13.690923892278295
13.165624490756509
16.41211659752321
14.718136811216104
13.205288969529647
13.385076314850373
20.583869469262886
14.259564359160754
14.207522197310206
16.28410558985753
13.777256968100213
13.77208104671914
14.020495171075014
15.398669084300858
9.969818935868227
13.587836358384914
11.298888023993545
16.224920894988138
12.431444432968778
14.713244676360677
12.084015363353602
16.76420041972151
19.508559161240353
16.873576248807694
20.45945952310349
14.848333744093976
9.50038827179666
9.855041700795795
9.460552289289119
9.435906193431489
12.485858031072803
11.070479156726064
9.978032981600432
10.790155843850458
11.558859168769372
14.66873784488348
14.756591321523958
18.39261862162501
11.78995525115448
11.643949179524418
10.554738957390457
14.916498316904311
11.402854524216542
11.270104433933895
12.983358465869324
12.242758095469663
8.90373769203965
10.998694274222826
13.945685893366823
8.270808630865313
14.993953990974006
10.720362299233997
12.184191513260764
11.780423027026362
10.747271223896266
10.245797651138917
15.458061310374257
13.403044727538775
14.963037672642006
10.670737685284841
13.937923681634555
15.117983244074313
15.100294156808985
12.282517517422932
13.533057450825462
11.605149089943726
13.059585423253585
13.841129631094338
12.582696017810584
14.191456230170454
8.946282479452144
12.910883700075532
12.113698876624454
12.78206138854365
12.936110410760195
10.005883394833493
13.277151645423444
11.63673512036497
15.08110965448576
14.331390439523961
15.253587875303761
14.941878900095139
10.875675829387825
12.331238293648862
11.541805387485288
15.92924650926513
12.268767400754156
12.862401814667514
9.64765438986687
10.863965976943662
10.487183493548358
15.499479883805272
17.39859981521755
13.019938465675919
14.464013333961224
13.542883319021794
10.091954515715756
9.920894760520817
10.03654513152097
9.290478230411583
9.831714457114707
9.63872977182754
11.58192869117244
14.68734790888874
11.975004695901298
17.70151122622577
16.441789515951577
11.210777225427302
12.707265220146688
11.722740763784183
8.804878904051133
9.633911118620324
11.729941710021356
13.895666879230069
10.04593018943432
10.920639397713916
8.276623213590495
18.14915355303816
9.447159825654312
19.735458218966198
13.990906840073425
16.801674629130556
13.230191715609907
13.620799001377407
11.265505971196028
11.872745764355685
11.147435285015915
19.83834427740013
15.80640965219671
11.338677696872557
11.049049462385971
10.581891349949997
15.682333919990661
9.562408314930714
12.337762109909642
10.64029547202639
8.67808543922149
14.914642182903407
9.692820470274489
9.105424784243292
10.105220990197676
11.053287113459195
10.697955822535203
12.221016855201576
8.302651234030913
8.771187047433292
9.863239424147823
8.9375947463326
9.867922238578377
12.052365007602898
10.525687826684145
12.505854359871588
13.582920428912795
9.379251112420333
11.991934384868896
10.92415090052572
10.062864567065702
7.4287866252676436
12.982814228719752
13.962675235655857
9.093234261278319
12.1083687663794
9.13179567571083
16.304777693848823
15.016671195663589
14.223189777064599
16.810463227999776
12.490761240235358
14.887848732203478
15.790533222451788
11.120502407371923
13.503339761475889
12.506397653718256
9.770856440162797
11.682396886651038
13.980327355602396
12.675396731182756
15.282121129736572
11.49502544628377
12.961896137787779
14.751425400325498
13.399931017891712
13.178195051818044
11.773429193978611
11.603967394934836
14.803953544905232
13.645252483859382
10.3034732338006
10.636517983792677
11.864520298702066
10.978199676013586
8.939887516073723
15.454842273559075
12.536538624267195
11.009795811511871
9.578394470186966
12.64526286117571
11.064881607853154
12.853569520873556
8.682167317346899
11.032324222959128
8.02410852742892
6.808600016905676
8.391480211616337
8.149123388118378
15.506274014056787
10.80258352971444
8.950390493510586
13.381690918990822
8.773538441318513
9.894330816175055
13.623809572860852
17.22905607794454
9.266704156035619
11.04840879466511
11.389598886958677
7.090479142702249
8.066078493162367
8.128758978623862
9.507292768180225
8.801285148863924
9.355670283099627
8.691530750168951
9.94613297127519
10.4719109544034
12.634048843273643
8.348684803994622
14.003540280745915
10.402286296748498
10.961659226100352
10.20143456423832
9.150388545144745
8.199769578775754
9.729871566853564
8.76889948623461
11.769197845717976
10.593002842995265
12.36415263602997
17.69662257006478
8.549329791217351
10.34232164446877
9.626941709021935
10.430162959832078
10.665156221623668
13.163308236353785
16.20181418304854
10.737112528139471
19.902838928094443
17.82524492513885
11.304346432495889
11.623160418810421
21.596279130321435
19.750395718391093
11.385632476676477
13.822490080499408
14.738949770672475
8.745912555366747
12.921317948129976
10.256836026664715
20.107585198386953
13.724063791812219
17.3544754713375
14.655711855234403
15.964924356310874
17.89232200626907
12.265331179020748
17.65115204927164
16.596240229295113
14.815194051284319
9.033321647059003
9.696137614413749
12.447752990460419
13.104606978639804
10.590662218690886
11.043247512281896
10.073943292267296
12.909947332468706
17.009769777741617
17.372446647918924
13.670545832519403
16.771203243296487
14.132155732377967
10.012815453945661
12.257934482946713
11.15087527162689
13.85769251833871
8.255936133011462
9.554155168069233
12.933993010450358
12.566998218686946
13.380310238661098
19.077522650239676
10.393435943298343
13.942073670702118
10.744993008568196
12.865477674703214
10.542488298903214
17.03956592683921
13.527328272301501
10.58777962928647
10.45515048304403
11.76942286045809
17.174350124279375
14.08601183831318
16.357646748019356
9.436663018829956
11.736323110523768
11.159471030602337
9.404448112667717
11.655195751174933
10.57903622016153
14.325543644194154
12.751477030682967
15.974709003126195
13.59486003849787
13.04777062862062
9.784996463509653
12.50691795686246
15.083395039642394
12.02811577455335
11.495173490266529
8.435682681756818
19.027295542541058
15.1290594812826
11.736319133194366
13.125966064957751
15.213378226667695
13.836988020236403
8.838215936905629
11.306906706505176
13.70040529861777
15.105292992469156
15.122871107393411
9.303402321731378
10.846343862402742
8.831889834027784
10.137887290480421
14.914984278372701
8.53319547011121
9.602456639838328
12.427340749658244
12.138110676432149
11.331617721580576
10.364213636706715
10.160976107691175
15.534211075585642
10.513944496222484
11.042470592425612
10.456004147200192
10.511245551954532
9.820842628200252
8.871253975099247
13.910945239161212
10.86615773695233
10.962310210751873
12.16668323635586
14.076605967273919
10.172985506753946
10.115853481643352
11.989332407656946
9.267140435943553
12.853794047589046
13.869799184126142
13.307581693414727
14.374426706524428
10.01148299418609
15.292941603125486
13.746957789799778
16.452002858672362
11.184177281957014
8.82180743910011
11.802408551482982
10.110020006383841
10.431603804759424
14.941202561097786
10.776341530238655
14.97042195775066
10.640441204626944
17.482978876935032
13.904060902566652
11.343059797408522
8.241166456787177
8.810571103159747
10.121891153477456
15.15630672509613
10.989456411624467
8.36788622652315
8.665509331227653
10.349487610707024
12.815429614537054
15.84275734158826
10.429392411130493
16.915926247220746
15.076897854499006
13.850982821073929
15.279493989831622
12.83007819298031
9.872820590589557
9.069064503946194
13.59313659698525
9.250383821107295
8.651623482554271
11.194114717829137
12.21249845425587
14.39610901006602
12.81613051188554
8.537489451026778
8.436429143196454
9.48750603538075
10.96496728983007
8.027971914870275
8.592346844828342
9.345890667381743
11.223522660204829
9.279483713099742
10.924465635602665
9.21148920882397
12.777127590866144
10.70320912548828
12.738804341041458
11.493870415712996
12.359132170859157
13.283342320957498
15.36604684898682
14.272412807059862
8.899991677907392
8.49530038806529
15.43960028881773
12.85814740694949
10.376223762206378
11.832322608363562
10.035096555818225
9.236632464245051
11.50658170076366
9.748156466969183
10.436191536892245
12.421333805963494
10.804157721580554
9.531784380675454
13.767418857833439
9.802741536691459
12.509487836122682
9.488343346779885
9.65988110175158
14.505392180781977
8.353934522034425
10.686044208085136
11.875514523667103
12.134099744572106
12.609941606933681
11.134112791103261
11.464304271850686
13.21207022839928
9.101335994374043
8.727288145989606
10.011625797654961
11.659701562076531
11.278878220853109
11.278217137858055
9.870388686616248
10.588068270904701
10.78091002388276
9.555530198411498
11.10991745971518
9.04156601284876
9.388663192166408
10.761752159813868
9.365037935481327
12.689584637683291
8.325646981930356
8.99773923398712
8.94295362422335
8.643019353628537
10.484286636939522
10.318555461900992
13.095748695452345
11.087046895733172
8.904601668240684
8.699741686772038
7.45326307381303
9.154860941646149
11.498506961195677
7.820422206452804
8.216655394813937
7.494252054863843
9.194085030260316
8.41910519582872
12.618761077894865
8.485586232199195
8.772135767145494
11.563519606169951
12.925158829059786
12.662198210001323
8.016006782807551
8.964022141006001
11.667453497810072
11.907716100121235
10.774774078378865
11.60597295346302
10.900324251655116
11.356918037610846
13.36389825705498
11.109187285520651
10.213990135995978
12.788960078994254
11.921678931746223
12.352875818475326
9.670147390816243
10.765295618499243
10.522675173951855
12.835293188566922
15.038790286014924
13.21816900180679
10.699721829671995
11.91045376137724
15.64240534012587
15.857660314775462
11.855301565067647
14.90473046631513
11.287961529408324
11.516431842366382
13.271173506005255
10.820261267545073
11.226638352327065
13.338283716101005
13.692664889029544
13.052016683327466
15.858384812666525
11.114625464429249
11.582212028800015
12.224685526915712
10.672216128481361
12.596313600084345
11.670742977780494
14.774812147420814
13.811072872740565
13.890865030831455
11.619959242777057
17.1394385926984
12.451952541171371
12.871819525722222
11.449326731372963
11.476456758610345
13.319397425826212
13.96749572510237
11.398994510184005
11.29941705321945
14.613037634047508
10.835837287155687
11.741012340841866
14.51277884405105
12.707993736223804
17.818282346247305
13.361501467368061
12.608524652777811
8.415829831085224
10.378194904103838
7.420610546318312
7.968739114779913
8.274719045097555
7.948391541161679
14.383005694873562
9.278395388963002
17.406619030688358
10.330955148294455
11.164068505994207
9.797565521592196
9.109694795393183
12.538992435336448
12.033985483141974
8.10832610091388
10.820842916902583
10.021685663009324
11.041372959125475
10.424368759861517
10.786865585849005
8.659622563945664
8.476740883946054
11.369843731953031
8.423283456428624
14.179904757942598
9.474941968216328
11.274586584108214
14.580603798573502
10.151622247128929
12.78001536648312
9.544575468036566
11.629500298962173
9.735122950924431
13.732992350937915
9.240031349840562
14.508834812904576
9.945566010480904
15.221086591850135
6.200233662514614
14.70772242134295
9.177932139679571
10.803706396554766
11.071721577669733
10.354698842830146
10.886744289184232
6.678753580988236
11.149151208864367
11.169686119783966
14.81010510887455
11.701363303236782
10.974144138835818
10.061651105216107
9.378489934078939
15.643887330434628
12.345913512100697
9.527169006298342
12.102873266328915
11.041631657429512
9.596931823834945
10.19028283399657
9.889555710501854
10.39190706879609
7.768889647776366
6.509649894973556
9.643762732021811
9.326533827542356
10.041185738528148
12.154290784516837
9.23637855809913
11.767311982894194
10.148228121808064
6.487038752216769
7.618586447744314
12.817281446413427
11.605210627427564
11.491352803531688
10.312073406615061
14.215419541188862
12.313009447771897
13.22134348399733
10.774483750447601
9.165899913789818
7.496167669951851
10.073546663380109
7.657596389799363
9.56562485090936
10.31828476310563
10.313604140745202
10.014914155643655
11.503576215125275
12.813958615916036
9.61614960202085
13.23809771360296
9.40871672927419
10.745190607212377
9.564181279523995
8.811101131364875
16.637428357647597
8.945006562815795
9.736518886891236
7.402050581301389
16.39881129615207
11.000909025025496
8.682578459137291
10.987194999902187
9.914468804499052
12.399770323680986
10.153409205980289
8.942089770323909
11.074395240580218
10.071456728329844
13.69782166892639
18.785300049300634
12.618529905576548
17.111837648860572
18.625167073745985
9.594529088774426
15.517797121355667
11.764861556065537
11.918085651285809
11.943219450238235
16.180459551680915
14.933446014174956
10.047898880462846
11.916320866746767
12.972158707905573
14.24491538650155
14.114305926165327
12.017884471437734
11.88357190724542
13.181086040282157
12.01890008877981
15.393790920463497
11.03034538191505
11.500432837831974
17.765816416913708
12.422527302417933
16.32638620399569
19.169019203314726
14.841355153251909
11.445358277323141
13.742605434117714
11.92893713183972
12.899837615570782
10.563763641405178
11.201935559432329
9.534862791792532
11.901977261313661
12.09638406700054
12.497851111169316
12.567578133163632
11.801741667970974
11.140759685411433
10.609988873605069
14.222748300429076
13.557186015989771
14.119483150241102
11.416430248404994
9.897667266418363
10.278353106753743
14.316361065316597
9.927542990955379
9.211907716716368
11.517810845251363
12.862123172725035
9.57657867022038
10.350113994543134
9.341653645106547
10.310769967545735
9.825024752977653
13.09155729732474
12.363453100043753
10.38261956306828
10.192808340978043
12.406051287436467
12.339172947913866
14.133001562537245
18.352675553231464
12.27054818850135
12.593745927491886
12.08998922014849
14.22757133407058
19.15400382802382
15.043634214123232
11.464635888512964
14.54918704943901
11.692091581920396
12.944475745205816
11.449598298214363
10.32903711171397
10.140719283702115
14.642930525237427
13.986372125503957
12.016588883349861
9.953607647615652
11.909538288771483
10.517637105202681
12.659129137106476
13.307002285641381
8.579391009466745
13.509429739539478
10.553359023720956
10.643940112168291
12.63521337899351
9.993249336916714
17.515445648925905
11.520744686215169
8.979594434073434
12.957869482499758
11.609572173841881
13.784487605306266
8.912490563542384
10.99534029909402
9.930909016381381
9.727140427455744
7.661174446194506
9.86492528269317
13.34897604386196
10.795959510152745
8.48402515560861
10.010764123464948
16.923095577540092
9.999888937626892
14.17759064809386
9.823819256376277
12.678367169634114
12.267792636600293
11.487120120751582
8.1414706105614
11.363323817481152
9.860730289649469
13.6104044928658
10.963603185511229
12.553010931783506
17.309481915405872
12.10632093212295
16.217959683657558
12.084838694042686
16.445534295208326
8.980460815032556
8.346264359612896
16.026471191205015
14.19667540981994
13.662014001812027
12.520277387540053
15.727973159566861
8.963695263199577
9.705311605968737
9.514415115019535
11.163038595135195
9.31961742442039
9.044048658143376
10.632207791082093
14.251871010903388
20.954734072201706
11.005739660160385
8.631209306130101
8.294369574992464
18.60414719256031
9.961605720170867
12.21622414149055
12.090055052637275
13.56949304791455
9.940230448899179
10.042666389600177
13.562039677347574
16.396643540672127
13.639729027569766
12.788364324704478
14.184572158261963
10.686118720155191
11.914598185313755
15.947533943251246
11.919262748315253
11.085802395860519
12.447700468800528
9.57786120556222
12.144741268409396
11.428339633854083
17.77987561141612
12.812938644459244
10.804463347534735
12.637252067737318
10.01234580390336
10.167204715046529
11.128104199959488
8.763414288207645
9.086477805200682
15.49908691213575
8.38068144809641
8.847058571002584
11.776218119576196
9.58804160181563
11.674686868698556
8.826685416136069
10.758147968116111
9.102631790888788
9.221250737222618
9.88222877639184
8.266870871905962
8.470677761393652
11.649612747633354
12.553519523843104
6.483927453550558
6.539772165416696
8.159408489717746
8.48292166283458
10.946491995006424
11.787124852037087
15.247439071381539
8.452351896513706
13.099384873580002
7.708432459235261
13.422435238763287
10.634159004864134
10.98107643135462
10.346271597192656
9.461425124497081
7.1773734639901905
12.972797026044473
7.224766106007311
9.260349276210942
11.752676280842001
6.939663828465422
11.733954897084791
13.981668733601436
9.848487009003799
6.923869946273434
15.984685385504084
11.921702046055804
18.185395795913806
9.66203561902273
17.45354081710682
12.208966175892517
15.920039230649676
8.98174848164956
12.391674701577083
13.919704151355033
13.057147857401517
11.04245607363466
13.057585892584015
12.549772159874136
11.14197016354791
10.816332573341521
8.833922027053111
12.394826131716343
11.550843935687377
8.880973825719977
10.964170271118828
9.49437712209382
11.51067807626179
15.320815244485848
14.821793005129495
15.237332990022951
13.937610295532666
16.893566491756477
10.287374035296754
9.822676675209358
11.801658184539177
9.612337166872848
10.229398765149371
9.722099843165081
9.543537412148757
11.536169052562089
12.117689524086988
9.870008542415727
16.282459604177877
11.433732101369593
12.656803757737599
10.87683188688466
12.391814091802512
10.29540961342764
10.369075652611453
9.440986797038326
9.94628909612006
10.146196787772672
10.038179996766813
10.025133977807366
10.766459362384756
9.96380983205581
10.549144512916195
10.170982773790401
9.91927164307195
11.160300279000687
8.092306288301222
11.01285644609864
9.623036446908992
10.328115454679272
8.67103334285735
15.92456354341292
14.642382912532595
14.965974768249158
13.149449988119157
12.454665759638639
9.567792664469582
15.081800374633064
10.943902520670898
12.422295216270648
8.508902145381077
10.626126803972882
11.68590398328753
10.533454661614611
12.092462767546033
17.12187320672647
11.819751311328297
12.54640633194242
11.028203265514623
9.9291292027223
11.448942004562483
9.238682234292051
11.034607566249077
8.681153158482621
10.820935350130075
14.403583059000333
12.395556606418593
16.702256576544325
11.517838576010362
14.282515741774827
17.2831959882834
22.611843520274785
13.327978355668604
14.40684590578556
41.158638555136655
14.317761179264684
28.195106296838674
12.2978512530496
31.85856363559566
12.555135222584932
15.516554622398901
11.621038868851393
13.136197120109182
16.698086543666268
13.714527692609755
13.847579460090197
15.331877020533636
12.513932623089678
15.466533968450864
16.650310445757913
18.960118377629225
17.242062805995992
15.278658620500218
14.24516656023824
19.869528638295254
14.055025052816577
12.327113247047578
22.753606858182266
12.926843645016493
13.73438971691646
17.67818020602206
11.284633149696214
10.532630320056457
17.237546379946245
19.421814407845428
12.539741648783949
18.070217006635787
10.403270828578728
10.392944456219091
13.963361258940957
11.73443811816718
9.452806779639227
10.16581118892485
8.87562682049674
12.671219315139204
11.716126208039366
19.35928128836256
10.903250920642325
14.325613534112792
18.138337646701366
9.538626331467938
15.91130238918414
13.311028512565183
11.298894507850552
13.164326521871569
13.403539647609668
18.345407949780917
16.817003342450015
17.397367377902693
10.644680407473976
11.613618102775733
10.96983886318992
9.30188519050074
11.152889733697023
10.717578515512955
12.738361490004644
9.489644517461143
11.21710342315159
8.727848008893046
12.502147865192166
10.51607484263035
12.44737424468858
10.504890248293078
12.533145105432094
11.52008540240446
10.787575834053941
9.683010832988538
17.190103699435475
9.845153060170446
15.328609414163765
8.565725799454489
8.309638480364283
10.489940159095331
10.58530577210553
11.21749236028108
8.756735790145862
10.817025578055745
11.619200484151538
8.696675088660447
13.09458776818159
10.174591876453874
14.287674683808802
15.001508590175057
15.023589702526712
14.778513394267785
13.12983513558149
12.639250138781208
16.709664951515226
12.783705713502258
18.09024572592049
13.56693456007126
12.439935641176518
13.30787945363374
13.107833843617485
11.710075446859218
15.175738425027479
11.686971688242986
12.127983979017149
14.91173117584123
13.603053477039138
13.296411697740242
13.96878461286398
11.617611867518125
11.451555914477824
13.683240682249656
13.751643936759715
13.067998506977824
10.437922518473156
11.824015000337978
15.195444053352304
11.861781023167003
8.028173018726859
11.041656535729597
10.096223167746476
9.029587030866539
12.815850350652056
13.938353901482147
8.764296138747675
13.578715918241226
12.41670825996975
14.362021669893128
12.95466406722949
7.075872113704261
11.435488292865438
16.4014964875014
10.903810854901488
10.438623350100311
11.062677931515841
9.06045420565474
11.102020994242002
10.139862779177271
12.900603969039938
11.17119231465644
10.355838385332646
12.29119493296163
12.381307207516505
13.971419922375645
15.090502366986392
11.35788761252218
11.609121330195432
12.336806298232434
10.422207713534085
15.246798883023837
11.1562882193402
14.354192313447
10.641777484129078
10.76337633361506
13.098084301840068
9.663855918883169
13.276837996597928
13.863181195554692
13.920774900655124
14.097898985038805
14.948929222925843
10.093784224849102
10.540220027887441
10.658029451984042
10.235430069483467
15.164755592575007
9.72659899466688
11.62852480890277
13.930168583742544
13.251721242544365
14.315448362846405
14.28284413653614
7.570187346137073
10.053580780561774
8.806472962653402
8.100143549342588
14.041964922825358
9.744229391952281
12.569046145568121
10.040547511975094
11.06758009367589
12.302947035736018
14.50070154186196
9.99927396922354
14.044182882001362
10.607352155347831
12.853143042225017
10.395283389028833
12.031744105757282
11.136301133100245
14.144764639428484
11.007206431896261
10.578955730930215
11.329493564176133
11.942070645047913
11.136182847303571
9.969428226630262
11.439334002428662
11.214406807880163
11.805138164413108
11.269801634256329
10.383981802668975
12.382652285811458
12.469951307306369
11.817652322068577
12.465405051173448
12.402126451117315
12.550830693226274
10.972295283782447
14.295787796761266
8.138160360349234
9.489765153073737
12.421371617121384
12.209319622936981
10.325192398588431
9.716896208316397
7.555109902887011
6.974513542761738
11.369870156651253
9.430272020640903
10.412435644850465
10.76740723524866
12.814390014332934
8.481969756920654
6.883574269142577
12.001329153547617
11.109408549593503
12.030778847650929
8.661652691743122
12.164655208189362
10.667019569570723
9.794922925728008
12.100710894583422
8.565380562418337
11.087193613312738
12.13516880697236
12.469268409982112
16.611601907466
11.5191303605808
11.974028714399063
7.6635878439606895
10.007101656563817
11.20473054109824
13.898929459735626
13.48834708503402
18.398907718930733
12.476504817232358
10.911248440502055
9.385592849191555
11.204123090115818
12.945252377394075
8.673929503177037
13.599701290840493
10.154157160139148
17.071732849434795
11.59139431180085
12.143614599522586
15.468285845877814
9.420890443310617
11.30777554985929
16.486568796222375
9.031224605121361
11.147908090203092
9.006709331387846
11.300885146192883
9.23735717151852
8.92536785416724
9.116276054962636
12.869453237842484
8.416151625441165
18.30027824756175
14.705802100979696
11.08625101083341
17.33603233394559
14.121753006195704
9.162112392096015
16.924403761264767
19.343759606918344
15.528328628676315
15.648036181418314
14.69989194574583
17.808227958064947
10.83565942286687
14.196572095333075
17.23423544398273
24.111634117604808
12.863416493989982
15.102956826960112
9.437746920706388
14.247000889582766
10.585229606200102
14.375256615955202
12.965188798195552
16.183825649905177
7.857077571280897
7.842315909660741
16.80904692632032
12.242161937957407
13.357538918677111
10.170614983455936
12.331705189762884
15.473090474049712
16.42786269493257
13.149697714548134
11.720484799018958
10.229643045971153
13.366934672090865
16.15473612866966
8.2376325857106
8.963092827659432
12.180120709319723
11.368652491073586
9.82607498716878
13.068167357296318
16.273204527333974
15.759603086442445
10.951911299515185
11.37424203197994
16.689187599549154
14.121879571192467
10.42559901162645
11.406664265148336
8.660015749363172
8.75199106770817
8.841612709725995
15.475096392484753
13.112277158583309
8.530972054255399
12.40600009079026
9.516048142514057
8.330394005014918
17.313435411484843
13.73073867324904
8.366063918291434
8.988759483764508
8.519583105703152
13.0225254029671
7.649723993325043
7.360053022386269
8.577546891347449
12.232250323354323
12.96898350576756
13.174820054696117
13.33688931221771
8.012324162087282
11.087446968168983
7.477528612068631
9.509591370821758
7.596349693967487
7.458653597086642
9.408888946960777
9.402168268978617
6.889676396517495
5.9150027193017225
9.344123152371722
13.232053362099927
9.272655043923404
8.876295285279374
10.232742757368314
11.762309286356142
9.728585137606284
15.187692578986052
14.400455786462816
13.84575439832203
9.637806129134017
15.072011121626176
12.253746845689301
10.894653275044853
13.511289364849908
8.370519216307953
8.33812644705116
12.517637135403065
11.408774463222567
10.849789472691793
13.745056190297547
7.785666699080942
10.218895436192904
12.22821398887336
8.810066259273189
14.7990721746096
13.369530420416174
8.869260817868382
12.638977791186386
12.540331960833859
10.808924505083969
11.47715967623527
12.563653567478438
13.63408429740928
11.540548444210142
16.628993720630618
19.270825003208
14.327621331543904
12.171833241178552
10.838647672980285
15.521046765248336
10.038717011661433
13.755935555792362
11.535101999956524
11.845637515219625
12.297229511299308
11.297754622543254
14.788081012979402
11.537423607017553
12.622244323864681
15.056118745447131
11.879977125103979
13.51516702399863
13.250368634679367
10.991729054514128
10.14230310061918
12.978953288967473
12.703864600296896
11.999942364695608
11.810921427775078
11.977440062938634
15.199034971951239
14.810100647289905
13.238201880968374
14.2175630500305
7.590634396261352
14.021983088803632
16.61532918558067
19.170870680738485
11.27328046605305
14.136457801809078
15.428246663574793
8.740103677713421
9.444366001109842
12.994181636008816
8.076264202734642
8.219246507042506
10.86960493759204
12.894763563369855
16.35430302955716
12.972136855016162
14.729430490104571
7.58899601915727
13.816714875523553
13.312966293822255
7.625932981680624
12.597715529761913
12.135412940528596
14.084033391067315
16.88723895781767
18.994350122326832
7.433549581403346
10.820337601081993
12.632955975044418
9.898384476170717
8.979621728930512
12.411025726967653
10.164090039715626
10.613776665611773
11.71314294527273
12.711597419289863
15.77808455162892
11.495538062520808
11.873328599361534
14.197763218505656
17.053387650142056
15.25579635747046
14.770725616129374
10.151494134889301
13.343221272402035
11.401959473872333
10.530390367945026
8.767715383964523
8.671120324820443
10.816348674009125
8.792501804546532
11.085216412000703
9.607240359607612
9.008762967049076
9.897327769012405
14.37223779978757
12.601774944504424
13.18234288095874
11.928052653236103
9.960792914704712
14.752258927151253
11.779140147718184
10.651677602364195
13.578358688268144
12.309721269352151
12.261570196174782
10.650071723976986
14.958638383001388
11.150589528858186
9.596922965030288
13.674494959167326
10.771432504237128
11.621202871633377
12.504810864257491
14.487089259807892
9.941811155886198
10.669843384276335
10.60302239920796
12.2575940474183
14.2922275180003
13.253296978919003
12.913795400814108
13.92674196522184
10.878789941514757
11.937681850213217
10.084370596225266
14.997121882530012
9.441657689617088
8.818546147387748
12.48838728451896
12.311008228405823
13.644577714532923
11.77854632799337
10.878165235245456
11.510142215893433
11.989971777165266
13.413695307763943
10.869696052416934
14.833205619997896
12.035525342329937
11.659894079987987
18.51329082101756
16.825323511098876
13.015579061839821
12.833177332307475
13.996525307646046
10.04077913936425
11.990937566392393
10.270628287225781
10.652481823458595
11.366291108325905
13.847001988463381
13.947729461461615
13.897414073031944
14.170901508837602
14.982755329879142
13.348115435022653
15.578168672436627
12.032204531799351
13.550018170303519
15.991386277629672
12.807570693409662
13.46655418663351
10.062491713245045
9.199613190890288
10.014303764126309
8.705281479288377
13.544505956680133
11.144427449737334
10.199478374701828
8.449725216325545
9.47334939399711
12.472630940903302
12.268645477414317
11.1136698513664
12.627548476816271
11.726496347736902
16.048854940463993
10.086230541743683
10.05748165390184
16.256782151944723
17.170917363829368
10.42684814862735
17.628322957157785
15.875139192317917
10.328895869128875
20.011623844780758
13.901895084724286
9.609388181052692
9.94881440473744
12.015419934488925
7.585224958263323
7.604279951965393
11.148325653307753
9.98971625849384
10.003978244494204
11.854852594540064
12.800951531863086
14.878702731581308
12.039403711075511
10.816438107026086
11.996244749074261
11.033865072621596
9.143218624764355
10.174266662015064
10.135255996259952
12.619647558065763
11.642190303927975
12.236044877407634
9.462042780741971
10.822468968579026
15.839750821614544
12.633808239843072
7.633696984053979
11.489224178701775
14.344199665113203
9.89535425681404
12.354753802263163
18.424897812268128
10.517429964584773
12.610731842792655
8.572081835248722
12.91477831225467
13.53303071514939
13.198135693105323
10.115548941362027
12.156997249672262
12.802689955448844
12.382185244614387
11.545019213871381
10.440118847861555
14.241719721491835
9.29054723520472
12.181120808944987
15.301593342684994
13.61507734581986
10.31641559373151
11.654793394435547
15.717079881856707
11.029670289174446
11.358391894839883
14.12461819242962
15.49996612500899
9.589151951089159
12.569063489587846
11.36775572450916
10.85537243334321
10.490819319243128
16.601316730815775
21.70341410505237
10.404898075203988
28.2489343771485
10.288758033022502
15.106421551607347
9.886481570614485
8.436232413977265
9.836714830502565
10.29954415933387
8.476247905835628
14.310401245406917
11.085733102590279
10.00611679780071
12.81503913697125
11.398879911673225
10.389551857024689
9.867890598894293
9.919086288527078
11.799394557111418
10.295046749670476
10.184487932494307
8.961691887265156
15.756648041797916
12.271161847344839
10.088887946915303
12.33534814977073
9.472764847821093
14.46219923556602
8.04189090581959
9.382749679838941
10.647175445739785
10.571573864927139
10.759157845176107
10.073645453147904
12.847404489620299
14.643657481439238
14.140277802435818
15.998487832152364
11.871173819530235
15.713162674288915
14.297640620468409
11.125019264351945
11.377439234626499
15.224328102613457
16.288316924289223
12.274845182793985
13.505899731492208
14.524589114726183
16.146541228956963
13.064990646473337
13.544406950431666
12.036491072321668
11.647111562598875
14.434073108592653
10.60476268655652
10.606210929140863
12.699663110788775
11.266644233025835
11.517912438292381
12.695190193112015
9.213272494297543
12.610321818369055
13.92106497266928
15.149281293411716
13.870999178449242
18.56290403854794
15.944594207771566
19.4801033457591
12.289842791718296
19.61470351209391
14.196087523600577
17.14826848062517
14.388815257119168
15.45481898480138
11.209623284141594
11.723917972672021
11.838097222809639
13.645257929262913
11.551631228584073
12.589500723504218
10.797811826570443
17.988973552522243
9.216431012720179
14.171819274676684
9.874413770751048
10.69983530251897
14.160694693181677
18.707429228676737
10.188662295728415
11.182996749808476
13.669232390318797
15.157256870815205
19.089910634276638
12.633977445351004
11.939863357968731
11.386376437263166
10.265233076593061
11.858384351394411
10.282297485939203
10.002484475440292
15.524286421087453
11.18214061673288
15.946582975467035
11.491116511376452
12.207648113909109
11.023502546562403
13.983764382074314
9.536750829627962
17.241788783071193
12.692098475326382
12.296957872085313
17.8448202191338
16.429230257782578
11.261071278200617
13.982597818487651
12.306367950097835
13.919572116249363
16.393172876853278
11.285222153068155
11.517423909894289
15.856535500976966
10.65878576772364
15.374107210999892
11.191987936104304
11.326088827390642
12.828832849792208
8.161988303025012
9.624230159120359
9.094644599040736
10.680182784901032
7.884204788516576
16.254747663156685
8.910956672339235
12.42390668440037
11.159483772213692
11.111065149165395
12.269009619475307
10.485153815845408
10.613754498623544
9.602566999151879
9.943905219284007
7.240902598768833
11.46798434019566
14.044574654882387
12.913605324270062
12.173556523021904
11.965742642952447
10.579863353679848
9.354076724069895
14.719267038126874
13.581262063113963
12.518637941361785
11.30777669801373
12.162680496436924
10.626741191194407
9.235052371163071
11.918830776069234
9.54981086651824
16.994746538465215
12.851634122502162
15.561849129806985
12.161396152579085
19.86096506998625
15.717068421369545
14.885654092674544
19.465092481320582
15.670844392433374
13.506612009102726
13.995295679859256
15.084471694489096
13.910984884015711
18.53897884682977
9.557497449162108
15.100736497369617
16.89603142055086
11.727043097146232
12.400877672334088
16.41198014186291
13.541912943752576
11.407328124004557
12.166270696071882
10.51108105863943
10.239270630230388
12.601615606679824
12.315385165977428
8.796443352582125
8.890613114155874
11.139177644236751
12.44893107845626
8.629938384901001
11.480989842584181
7.262360345984953
8.821341772299567
13.626296610218432
10.198770827790522
8.49572147453139
8.644650647723797
12.494783001183213
15.50793077524605
11.651453351313101
9.215921647424825
9.698762264719425
10.212900012337895
14.720891881687777
6.684771450877784
11.915086942395146
9.686953383250543
11.819745899199388
8.596902970476442
9.295152043931774
13.312032101109782
9.570489771633332
18.521156524420622
17.44979730165731
15.071325470943982
10.34463095496058
10.72231370837539
13.430874207695602
13.665245359973897
11.105756886074767
16.676287246667446
12.969991519592266
14.324562006323509
15.944036172573622
14.637190734811908
11.222855353823515
14.353536567827513
14.789047450153777
14.824218748801796
12.611019841033416
14.475047478234522
11.103402850844319
13.041632639610905
12.66226820634982
13.700349588594104
14.239720374591062
16.287737449485107
17.972743143872645
14.008562787547831
10.199025246300625
8.34391466626246
7.541560772812942
6.9577121231345025
7.378643140172417
11.841568829783832
8.845270796534429
8.489079167128525
11.907519628117688
10.191007604481296
10.117480502051196
10.827310051116381
9.828366105366321
9.330993708579749
8.663563993315709
10.920035485553536
15.222096690295054
17.22475324320589
10.37178644123597
15.790155341175794
10.629057607846551
14.393915968935834
9.670383639372616
10.899948050535672
8.588165186930706
9.11260665710624
11.660327273040524
12.232339760260796
8.07550601657063
12.530378580345953
9.199234917700407
16.79162997864845
22.023171796559204
14.733138424520156
15.83316239864322
13.09979543624944
16.510383880298217
14.964640309880197
14.114855990462138
22.84796890746692
12.511734276433046
14.506831304104123
16.017573438230514
15.823229798729983
14.990288787881259
14.789401140693423
17.2101931727079
18.14006610561473
13.612872298330423
17.121802077203725
15.355765277666515
14.709363976401237
12.906960537328365
14.893391578704533
14.115376933269918
13.468980748241112
22.153129141731466
20.042494876514834
11.786387159574593
12.458514244976792
17.907672342300543
13.394040224385964
11.508920489549164
8.28370910768608
9.053374042778984
12.495917378465283
10.511573775494124
11.094938792230655
10.045188266585697
20.04514975306658
13.82997803615739
14.443570005139522
22.275742907775324
8.464450987070206
8.482681456608104
9.963185441659434
9.160100832033809
9.625804103605327
11.755762346432025
9.157767788823604
8.108675606844256
9.659425448400357
9.079271811927809
8.534411025704879
8.666495320766868
10.246523170017896
9.173735156258786
8.698223909423778
10.1891385867269
10.574264128299214
10.027645585692845
13.498410222911103
11.95017509302758
13.691372135306684
13.505336709907512
10.016220780865813
13.490706629076197
19.26236368006078
11.645325411834433
13.848910346341096
14.589620166145307
8.164980298268148
12.064432817381466
11.396841298767326
9.503734334558594
13.066921913867768
17.196778245338983
10.355911969497587
9.054372931939064
10.333773130169323
15.024534238705492
9.057851523078437
12.174651207893294
16.03692296757597
14.661230247319423
14.441748180888561
15.580228763690068
16.64005737271694
14.596958897558533
9.440773699416965
11.588812727926364
14.566305819696797
13.54499067927817
11.231936115061917
11.987973026056414
12.314995211199296
10.910508581344619
11.840342720441782
9.935920337573828
11.46616194173399
11.268151236938868
12.320593379887148
9.075667090241003
9.897806997384455
10.626397981074296
13.294006876263591
8.256387254365547
8.050848663116756
9.928072692899084
10.832639165284837
8.887975782805924
11.63215264602979
10.941795820375326
10.525183425107675
10.492801001517412
11.913987349057887
8.62321036243113
11.076494416197606
9.431902936739762
9.784574927826378
10.369189404838272
13.349042809604146
11.058301348712138
11.189134103842223
15.278521328690724
10.682983376417061
14.321053962929868
8.08152657498401
9.98639574432988
9.734201682309935
10.604165127228013
10.524839728425809
13.839242618199291
9.198570682260762
13.261226518369499
13.282730031245087
12.544107844740816
16.952221002345983
9.868598811100503
11.677942055919575
13.672427805322227
11.205513382994738
13.87916255039808
10.059944578955891
13.824710913146909
13.744379483142094
14.794706008896476
10.175058522937972
10.417403975808995
9.807089428498596
11.000285293429533
13.130051263626966
13.1483019641067
13.475471307934558
14.480498513305575
12.190210475607627
9.774254698643944
9.508411629208695
15.6455379909089
8.722793164129067
16.49012176409694
11.061200445159834
9.397609593072364
9.907671867119642
9.605785713372832
10.47408030136579
14.91445855849831
11.932092041854448
9.082885088849052
12.518394732335226
17.87424133956694
15.566401729043127
9.467007617278146
13.03300197131124
9.155127327315357
7.718647362528676
9.566044014706181
12.128958620078652
14.575372271755533
9.050217441602586
15.991573374109182
11.914932428324915
12.438385556027724
15.506644932228523
12.421899883860528
12.161791600650666
16.371452203283816
11.79259447745507
11.27457794580428
11.591746505954587
8.705959817462102
17.66119842965059
11.142373283341987
10.76813829891496
25.18243175899678
16.27842382414382
14.000562046956274
10.128618544705063
13.032019934762223
11.490137723238192
11.286915596364162
9.492675080429617
11.063551659525235
16.383926331682503
10.55362475414548
13.393120198310937
15.174136156553313
11.10853556409237
12.06826924253594
11.459318249976203
13.483642360422458
9.734009690790135
11.032735807773786
13.998782100496564
10.869973067926022
13.760421434819206
11.465558006197455
9.123837632149577
10.382748408914642
10.626338851652061
10.727547487445788
9.335698503892614
10.123446740364972
11.185135681890591
8.569353592060576
13.071717930177186
8.476624739941565
8.489836247102845
18.567295406752397
9.161630928846153
10.724739797399666
9.924952474890267
15.609397078305012
9.561912763932547
8.919865012693425
8.599749355752838
10.839301592760865
10.57042918571674
11.684251410247334
10.439193783164448
8.986014505557868
12.93704528100402
14.320836980628568
12.094444832631462
12.108114385105369
11.2666183333434
9.664253974007316
10.319097762882436
11.547208837036356
11.224904860555403
10.901284407442569
10.268893761927337
8.281642244638801
11.102485490024286
11.612776357165952
11.501513820787947
12.164132989476624
13.815552433004653
14.638263531981888
11.315542027264376
12.088761458209087
10.61741557037225
9.70039501309334
10.348612113359179
10.938232288292374
10.856103629656108
12.315328163959872
10.489562804688669
11.404916621742437
11.232650400704449
11.144751153161893
11.277752117399213
17.026789949664366
15.005898332583596
14.068509065215132
17.360164051047057
14.203745983923467
17.977454978893913
18.282293036545703
12.974176176053094
15.804149397906277
13.52866973371043
12.63843255999029
10.975081240247286
13.448982669222831
16.723798563231103
10.279594302838431
19.933543721622385
12.42352453872273
16.444459520645484
13.69217648400734
10.171256699835558
14.455484671394343
13.549931549881506
15.52940784169047
13.03575377688398
17.950930837813676
20.668145128338924
16.56928677056657
12.18374886237188
19.10405960246733
10.578622407360614
14.227398121095861
13.62526379573626
12.04855346990856
12.193463184801901
16.096298798350897
12.517077068814432
10.789369834058872
9.987842277937219
13.0671916063021
14.984802780228424
11.425204745698935
9.193106950620939
12.10453697211567
10.279369138822558
12.592614145118729
12.857638907073149
18.653623924030143
12.031514509055182
10.761578118712666
15.794132090623009
12.480149007562304
13.991806173286571
17.49354388595807
11.905192648245402
10.674456052967374
16.50041529910153
11.99552907418603
10.537887021490437
12.298308884627067
11.758799082314468
6.92099232543209
9.663157166229935
9.191498065069647
10.129565612128536
12.774699505399543
11.537744564066653
10.573101170356173
9.713273564863579
18.06442460075662
9.280538072656583
13.474493892253728
13.461925440553177
12.661276889737556
16.10249028479032
11.829541709087708
10.744677947057827
12.921674049132124
10.049726021241622
9.201542792554985
7.907335758236819
10.255265789858097
7.578220452756907
13.684103133629684
14.410032380823607
11.944468638238467
10.256622898882005
13.899986732168884
13.013916316315553
11.758872193232776
16.778001798084208
14.37504512326624
19.656191499950616
18.91186124115731
17.048414518521565
14.306617497424797
12.798016737154757
14.213146255062252
13.263897240416302
13.458618191182348
11.978343835273627
14.376321593446113
13.940505699521385
15.910809852073292
13.64588922047833
12.870684776790409
12.960371042979002
10.204031668931743
10.700178709778822
10.402308486947277
11.174599419254672
10.160587120700333
13.190261438996561
10.165976726439306
9.345016654778094
11.26550930784028
15.671840037530634
20.155317046077272
14.50071018599737
15.574968661695944
12.078160196534663
12.642472800395165
10.73816399676217
16.240105547372615
11.499043014592385
12.978857955312016
8.833273082317406
13.8721232166059
16.715139447756403
12.560760927268673
8.430009516727761
17.76265930325285
11.911510899077063
10.671303342904345
12.354669573587879
10.820608956127183
10.899242278977596
12.355596592122398
11.97426767225582
10.642896942203066
7.78060414116875
9.043658362453751
11.865703121673167
12.512943434819928
9.30005815628798
12.609806000102912
10.042730115858049
7.229445041189261
10.402850179242897
15.956133997338588
9.910755801937446
12.736282704670595
10.534460858581225
12.259516295842934
10.587801306665693
11.75317929523444
12.208303270460014
11.88439599030973
10.219966426679195
9.810840624942681
13.835473194328362
14.744572250582465
12.610833027003808
8.981216190658941
8.755415602351611
13.643837360128474
11.979838717367143
16.70744829158318
9.423134673000572
12.82594380649701
11.1240043706918
11.308835877484329
14.351109371898998
12.671705536043392
8.341779670530961
9.711483195906828
11.739795548290337
11.673011917767198
10.242382793249938
10.49888902333687
9.894885651949094
10.721838133032763
12.615580448124668
10.608822420116867
9.79651142180524
10.753008036255043
10.70564994868431
12.420298093512876
8.614502411326367
11.287860552962655
9.020510972386754
11.22860703729549
12.22666508491653
10.869822105611268
12.351716358384413
12.41552982707136
14.14266115712252
11.106745437369131
15.080988777140293
10.074740333934205
11.86738517007253
9.266222362356507
11.00374363038559
14.50233603046051
11.74455874707621
8.359741401649496
12.441374647663757
15.440097665836895
13.864313143557181
9.53672692597733
10.26285457880839
8.585296947133209
9.390712146018508
10.235793206922613
13.364898541960216
13.155884059179694
14.935442735704392
12.418612366974674
15.628204052390085
15.78841495297309
15.225942616777134
11.05903598141323
10.49367592969083
12.398642823923833
13.452930816333499
14.629238981490253
11.985892857727123
10.63632042374831
12.176444818998322
12.287325210410316
14.764576874989285
11.775940454741537
15.952355060696767
14.640549765691299
21.41169363007403
15.658815799705364
14.760081816919532
13.503432523939527
13.30303581885913
15.127449575755099
8.751971144881576
9.305080288441907
14.473906185162733
12.090470388367583
14.873790958180226
8.537361790047528
11.598920359737939
13.136689376441069
10.314095466320559
18.602945690015066
14.571495415398093
18.068761455385502
14.34832177672738
12.968862158303818
13.929077169543223
10.444285281775212
11.622058006402506
11.116562078694303
10.615300194521078
11.886714762443331
16.115334219076534
13.485316606633718
9.262357412491216
15.664261814389112
11.267796339827322
10.275127722313561
8.377282982693666
13.574849528809011
12.427088514982996
14.11044797186446
13.805874213677956
15.58795543044962
17.50330555265672
18.245486984630595
13.867152778453857
16.36518200600773
20.00166696508557
18.151669563484724
14.014796167032626
13.748621812537142
19.93368941061521
12.315748000708533
24.428086389386674
12.013123668323994
15.957241466258456
17.518705604005298
13.169516721051833
13.382047651738652
17.505368466437048
11.342415117147906
21.127718896925426
13.826214244206833
8.254795123091414
8.926595036585505
11.884919315617214
15.40808987322962
15.030016286508756
15.053023996337341
10.219365257912065
14.8819098130849
14.37065735134263
13.838974395146547
14.18166190307931
9.716806453979158
11.994943567502592
10.771838528172786
12.913663209166913
10.740351312816857
14.357522526465711
15.430743974874126
13.536887796933684
11.996646234404999
10.910816714856034
14.275522781408998
13.395666028926989
14.76482431253352
13.07447392244102
10.571895760515831
12.621399161162797
16.941773111073722
11.526739900923866
12.051514014314021
12.077308008600133
14.05562822179637
11.848203874217273
14.953242043056528
14.907149579892739
13.22305885144687
12.292800511940781
10.63525166965703
15.95391307965517
11.070174417291032
6.940080227146399
9.414544961872355
10.170065089447297
7.582293977107869
9.65372572934692
7.963049567035201
6.316260149463085
9.385974424988882
9.757067342886721
10.280435912610498
14.0899969045869
8.147743959832416
7.944651810863861
12.149615519634619
12.690508391715275
10.630471987218703
8.342572226766395
12.415126642482976
11.715209716011277
10.609032072934617
10.399830023712681
8.709997659153226
10.517463147336947
16.196871026487305
9.79670990706
7.968768117004526
8.848888576595895
8.311563699629856
9.845511348773146
14.897521048464569
11.161078906996051
8.131262150917708
9.476103620556747
13.057549265445815
13.115151692851967
10.63302005833947
11.2387156486395
10.02024827532741
11.93399811297266
9.4525591053904
7.582027895947645
7.947588670779458
10.562658458536355
10.8799380976709
10.072856047603269
11.643428401174399
9.048595606204795
11.139288466749939
10.939782692527892
10.482658269694701
10.12665779760097
8.635865043793373
13.454787793455488
13.85003484473409
12.812608681365422
11.162232814367172
10.11198010441425
19.745301819458323
14.073672281107442
11.800265658231236
16.054437342897238
8.498595659665154
13.618163163939647
10.972816693620919
10.912421053434562
12.143133624983395
10.500115436689777
10.370207722391493
14.604121747306015
15.731128284105228
15.389172210681394
16.32044572065936
13.842917926012076
8.958813918111806
11.666949905362456
12.191178847690052
13.037812801046451
11.801650949525591
13.871097147190788
12.166435564018014
10.906524383239558
12.718327780476676
12.849664605207158
11.943710654962176
10.980347149964235
12.201164700461037
13.276825316410152
10.817301517924923
13.438664516700381
11.266005046154278
15.71398436266178
12.525585055708612
16.869395105328117
8.961286806420613
10.447014869141146
11.186960504733102
17.577685875896293
11.2990398539107
9.214387740770375
10.63388654655079
7.786009602925565
9.911485056935952
6.71672624286892
9.074911671730973
8.321641941034548
8.618343209299713
9.976192084938797
8.894144305915916
7.136141798337334
8.283358569958821
9.032108425374432
11.964238596036898
10.409820746163332
10.589756267816984
13.84788397532937
11.736793115451654
9.97062292194133
18.89991387267661
12.009721418731099
9.711020515105373
11.518500142388042
10.026601581087874
12.836835563057873
9.055043925833282
11.070411377946526
9.298139663199647
12.194768461461008
12.08014972302265
10.042544849227475
9.488395896016476
11.644600047314546
10.743629335764282
9.71782649377569
15.144237964727548
14.289408275792045
14.69417441606524
13.741710476507413
13.11115646363914
17.5112443983826
14.546576554396788
13.623171837536573
9.691166960653465
15.614123850357128
15.005692681353905
12.538759388868504
8.426501627516082
13.397704445845461
8.111049273923904
13.95296167920004
11.349186728518054
13.312305789074843
15.150905496918947
11.13733514781907
9.67970930116823
10.214262339256003
8.078396044205785
9.820034747597122
12.003800245829014
9.634352915035095
15.856948653208404
9.488461166118121
14.037733354576808
9.391129296656988
15.399718265544713
11.50670019859808
12.386279724273857
10.791617514868177
13.909737947790118
13.818834956566972
13.55719037186279
10.593536475636158
13.6915040575086
10.934287400184676
9.04962494059411
10.81516323017815
9.861685021383927
20.726321191636295
12.080109579361629
15.286925622553792
14.461923031988777
15.161915607451029
14.413086284094415
10.269592543953895
15.839124902692971
10.258758725396236
10.457088790597188
15.646027097305083
11.124340375164275
14.752067874288525
11.859936361806119
11.503255441009255
17.830072715231232
20.194110836319734
16.817575865852938
14.671443704419035
15.037527901054348
10.517161500769987
13.439954381859625
14.679706956372597
10.257027558395874
10.082003560011254
11.358438964640657
14.139682563613915
11.278155462705044
10.638143043311763
9.172584114204874
15.715669508722588
13.304340768103453
12.317496868270517
11.511229092664104
12.761835510892366
13.778143256704789
11.81148515125282
17.77306702888743
12.183873998986732
12.791420984322272
17.967719420647974
16.599612292781156
14.863924279382084
13.24347315062439
15.01647190946537
13.382396123850002
19.577222800957802
15.855626401115197
14.74223693093223
12.171217533994039
14.480704666082342
14.942042575687108
15.965346042478302
17.415600909522915
13.31433127848881
12.639999103274011
23.178258418709646
12.501987407897152
13.107986269259452
15.766713396969823
16.147884762041166
13.639513796831427
11.222390030077936
14.294271587757649
8.297064567480778
12.740524303213206
9.108518447743556
8.87637645830454
10.007869019056242
9.428172573017093
11.091860284362186
7.62090774160176
9.33259635191601
10.919528861780659
12.592688948135706
11.303221023920093
7.38120416909711
14.259165167679319
8.598455021952685
10.364965932281065
8.241964092168867
11.837764783340017
8.766079538507649
8.61745143641802
8.959787495258134
9.511705860461877
7.481269784045347
8.617172056820243
8.71550349267407
11.422354882917203
11.301048821876806
10.12643416487264
10.024849031300668
11.693173555195221
11.345707163539423
10.688934505176936
11.466990179937723
11.903211535905193
10.102456795043887
10.702321971005864
11.6863938796036
10.739007061405335
9.800513570718897
8.802585074520357
8.316488080712665
12.333296385053648
12.940890750752718
16.656868015977143
11.71175629653656
12.910236969659204
14.83795476445816
13.29387337159562
15.015224332513164
17.873938693021383
13.696297295243792
12.960044059461126
13.49677085168082
14.280463120812668
13.261235139790436
12.404473291104253
14.528042077499743
14.64787142466248
15.293388316368757
9.45161547871908
8.71283086633144
18.960211277229707
13.485393662132077
12.677656344914357
13.34111361891858
17.502296302997145
14.982359550102485
9.115344208771228
10.233821010870603
12.186586730816808
7.7452897142311885
11.221949356644663
13.860333152055873
12.516787543438891
9.040933873947413
10.874018083288085
8.3334209838902
7.157940084759329
14.94864927704798
10.926844180820765
10.023424766325629
16.03603630378772
15.624940431045205
9.909887772880513
20.340124324497534
9.581984440425348
14.244054588270812
10.539506574530872
10.099564730645024
11.649158619669004
11.64205932533908
12.189699673782657
11.534870852166504
15.886448500225027
19.477300301046824
16.48238870704244
19.317533481189816
15.576140113662555
17.600691447517473
16.012039955214192
17.90367278913342
19.802505777307534
13.247371074344631
15.470495441266758
14.26688944526669
14.252828571771612
12.321607790219756
12.669075590994561
10.922083755457958
16.900577264913807
10.989772428337552
14.889484308394474
11.612666819654653
12.023343607079639
13.285567028109792
10.016175361353836
10.964235960196394
19.250680801949876
12.179729128733612
10.99569352498497
12.040585935809268
19.754516461041554
13.880710476624577
15.997479720415525
12.42454074347366
14.918274786733411
10.373247019886156
14.88300481371223
10.138009756593478
13.53454907951565
14.810895547104908
8.917480489514112
8.81221760717944
12.28673480323862
10.564810163675448
15.035217480700197
12.653085052153875
15.413915651013292
10.812331772253312
11.076269100435884
13.526619636937044
14.99226662918031
15.745974695571904
11.100823119106911
15.564966916902794
10.406764167101933
13.07839100365516
14.385763243062883
9.09475014429966
11.524525669913753
16.67223100012632
9.837676260481409
12.355197756163534
8.713855131538883
7.645482866522466
11.1529752585865
9.460514295052672
8.989070222225894
6.87058162400492
8.178631407682053
7.546416687678583
8.825348495554781
8.124527863956228
8.716151824490607
9.434385194370824
10.30456660814876
9.827400243505716
12.765300261611772
12.976697878965103
13.460958967319602
13.133589291334333
14.476258939502422
12.12798313319525
9.416486944791167
9.596237766590411
7.303234940220169
9.507735432568095
7.820838351829167
10.082292389295272
10.597172823415448
18.35557774909465
13.339649425682857
13.954720640146371
17.504922164720927
17.323169659878523
12.102589146841899
13.210039090801821
11.384798271704401
17.438136302692268
8.132704432017018
9.995834247283241
17.009021188036584
10.304556982249418
16.852143151696332
13.683103079373346
15.19939375275957
18.65422291123286
14.783937426801858
16.527282119025777
13.72882321974709
10.606053101852865
14.464808857203206
13.887586335567757
14.955927852693968
13.609741582346842
14.32267465495728
9.869423627822513
11.239699199766516
15.10417136907616
12.930426760858722
17.512195990559256
10.132285556059832
10.47813829647875
13.174422149756976
14.343337218689888
11.209406842356422
18.725457349765986
13.822937882836033
15.544847817267659
11.95012563539142
21.96015252438117
11.307930607710661
11.053679884323344
12.97153753787434
9.944725411044516
10.50172741845978
11.987254351190392
10.83106345374366
9.755615839412412
9.705375063803658
16.274657268461787
12.349114088009072
11.975913705820664
13.151171843478194
12.1154121356128
13.095963573044237
10.952387266140018
14.474633352861538
9.998475653525325
11.556947146056531
8.215560004846887
11.981208245678065
11.93641167225354
20.492053605510645
11.27016819617635
11.200362492653888
13.517427587322006
11.929509838069892
12.294159202884922
14.607790772380385
12.87768461528913
13.768723385521199
9.29680881146435
9.270914578821522
8.030171875693137
8.342722250152313
9.676094463257124
12.187002859467784
20.33004590605463
18.799204124511736
11.767858402379906
10.972701395898401
10.284252464780842
12.57501639122272
13.966803430324884
14.347619699073073
10.70640575299627
9.571815985867133
8.507578005304849
9.590710318407611
8.572607308876265
13.117890037177668
12.576972803134456
12.887856630752431
15.316162188817565
11.391626916532092
9.997736732584277
12.17457931356685
12.590880173664301
8.67683986378685
10.718227510671376
8.462501500403977
8.245812089795507
11.134835047431228
10.86782805175537
8.049643045135737
10.277448307521828
12.460988874585539
9.849275229895673
13.504820063755966
11.967671799571185
11.35277580587819
11.80211067305417
11.735893259101061
11.83608274489821
10.63497800926097
16.007516720448127
9.7586905434277
17.79802076048824
12.927909438887783
16.459095443086856
13.366511375934556
23.857238083960237
11.790720590477141
11.05410039624754
10.74960597187228
9.507422783395981
14.181162964039295
25.572634801499046
26.619588414391654
29.501407460644714
22.354896204392873
18.621135589517667
13.266625880042849
10.865567882753814
17.654521155975413
13.056789086514447
11.271186748608809
11.084052992711518
10.551328349499515
13.733228419306178
16.3371367315301
14.558831944801408
12.77416015457291
15.367985892362332
11.856873855392434
14.364579484328601
10.87114644580373
9.108036801352444
10.64628344849258
9.300981065624917
14.939710510820307
8.31057310210086
10.149249440732977
8.676346296631054
18.8956078563322
9.783444045351246
15.242965011493128
11.446623321539917
9.906744131323414
7.6056384081239665
9.105875222185654
9.771327813424255
9.727982427293787
9.60276775236443
9.61852574904865
10.07838314101723
10.954603868046549
15.151855997048369
10.455915592142084
10.20398464327221
11.06061076307357
9.075211023766284
8.585649902390351
10.665233582710307
9.588060858148532
10.461052317479485
9.79556308852403
14.443345533018867
16.24686339162339
12.707902122403095
12.29617005018604
42.529400535297626
12.588515320411767
13.163781820446022
14.471884649887352
13.539209011155334
16.64429433142158
17.238819126712457
11.46273309039089
11.25303397684848
13.899494570089383
17.59269312718121
13.03472122921392
13.462712667790358
13.515769771569005
16.364570907311506
13.24716661870789
14.572000370108082
17.154263830525913
12.358474118007143
16.055752335318054
15.70081732098763
20.161874180290408
19.829283918179666
15.485324701923378
15.105045764168654
13.956975232300648
11.80262604569328
11.283824827650974
11.696160270225798
14.660465390020569
14.595781011562975
16.016361744025467
15.216409924018263
16.84830698162428
12.980721258092489
15.34027705753394
17.312893633785627
14.997210589751912
11.961275591375681
12.635107252422491
18.61938544101206
13.39042856449556
8.997476583773448
13.96126144586105
13.144279563082534
10.098881615911173
12.861905600585391
11.325366663045001
13.272861345723774
9.484160095492205
10.10241246259438
9.906186912774343
13.645127754316334
16.809962426889253
12.346120293732511
10.812030878849049
8.802770427839029
14.70536043947524
14.009629441280834
11.712264886687167
12.320887361274204
12.828680732630763
12.437797445187954
10.547313400819874
8.784547176033229
12.143940579641155
11.724548397282046
6.158477018034882
11.482388623811598
10.711248299181655
13.251477326699671
12.873223309400103
12.94865088767213
13.13949114246442
9.712206409707235
11.498079228288487
10.9352668752229
11.556743671382732
11.217583444280434
12.304807498932805
11.858664661946596
14.171881234220377
10.290249772776923
10.14291598185587
11.457353929375605
15.811319944796196
13.05440296749529
12.43315289199583
9.467804434247652
12.91081160819362
13.331526532926375
11.540345527679223
11.8374324122109
13.176616843642824
13.138795388323707
12.726077657800522
9.888736995092744
10.733537817373662
12.201093768274458
9.69011120657345
11.475737217600889
10.352919480726746
11.331305584285818
8.684224444047778
9.23628041692677
9.570625867381812
14.1240360551094
15.565683814119417
10.211368555044956
8.184267271292116
13.09339719219203
13.418631412991656
10.526724786914427
11.78931584231411
13.927772271382512
12.32086924733056
17.68436380159933
14.472632329564602
17.39652415330173
13.24598592349128
20.17060644379102
9.54930469038869
13.587845955411037
14.772493422912722
10.779106073048645
16.559449060451428
16.608088609478653
20.972695921497873
25.394029016275127
20.56798902744672
18.908387220448205
15.457726559380587
20.301360190705488
14.221560480206673
20.03956915405707
21.01303838844886
18.78237183830594
19.606563745446202
16.691781838923944
17.052686666206988
13.86914815142065
25.603110208261494
13.8087743037739
12.026396764215646
12.883033195574772
22.627316628167772
10.151344353083282
9.066201858597008
10.376482421337528
10.461111893114671
9.858755407405559
11.119495899362196
18.846272694251102
9.157369926752876
12.041799276923843
12.176420557373108
8.77701126039037
20.704237365913105
10.494503328764202
9.88167752160131
14.335329454792058
17.123986386612184
10.098079743433656
12.2074023047721
10.31356133737865
11.220256586495108
9.85090150949492
13.0133508116293
12.641515500644537
12.491829076408397
9.923330909773455
10.185827148402991
14.120217873622675
9.705994169489546
9.822617432955767
10.117922022436387
11.094314643905058
8.886464545187339
12.572353838234545
11.270067960223583
10.65508323276126
11.38694340697274
11.640421614019681
12.449255599867213
10.040283297337274
10.668165324531673
13.674552156811075
11.280240670084362
8.337438644219912
12.061850969752221
15.054188719980878
8.450272339477785
10.337314613943459
9.689603157255798
11.818457843124289
9.344353429030734
13.477581709129241
9.415296615249957
11.28000016418694
8.716113981703284
8.56122958344921
11.79560999143025
14.176352693754234
10.164278576459152
10.288448898216828
8.183672144024307
9.397434806630462
13.49909933322779
11.044356356688578
12.968431891031932
9.999592545498308
9.094973038955567
10.681218750112498
14.329035373323793
13.002881952133288
13.342019690440125
11.77522177575196
9.770341966555796
11.091630186168855
8.128479896450589
12.428375855138754
9.53146117780173
10.999931940114427
7.599889284054749
7.624997917736227
8.879197347975156
10.528545082137569
9.789123807747108
9.37629539258129
7.26208355296862
7.155502295424833
9.573982018329035
13.757937723466169
9.630283294621956
9.94197831643051
8.665153961535704
16.248974553524974
15.118416414756172
15.966540540222027
17.545636179755114
15.2330150096903
10.252966302024358
12.621416129621558
13.074754470028978
9.654811175484024
9.734116281553511
10.469767101552105
9.581605660388657
10.02962566567309
12.17556717377886
12.211150341180854
9.843141421084724
10.757934387591847
15.576985503259943
13.489140657895115
10.603696966463032
12.748624737093007
12.262827648659101
12.203499100647159
16.571621043847994
10.634010390901246
13.560037823294127
10.200792523036295
11.873608803597268
11.81631399820677
10.728764291501905
15.75844452376294
15.599991055589337
13.648301436666534
19.086203797235388
13.823888193659897
8.188261574280212
10.72658321006125
9.172750852693001
8.779573659006008
11.032223618094887
10.978250453310057
10.442146998431241
8.663279657482688
9.043011887656693
10.74788447580002
7.943313447762208
15.711825216431738
11.266587732047833
14.512771148964926
7.421168707986998
16.634822283693733
15.992282570394512
11.286088077070836
12.903172329856401
14.467134177529415
8.138467963779823
9.283790930280649
10.730712974169252
10.87594347377691
13.641660755054957
11.761862925930776
11.204164088945163
9.787383439109064
11.631017072194746
10.315185757825832
11.493649725913082
13.000595378498073
11.308083178209108
10.396687612251503
12.44921411233073
11.805903953872168
9.734966541084543
11.816275387024074
10.878895422964256
13.101201726704812
12.757003373365388
14.307598351693311
11.483644349644424
12.18027545876858
14.999578542288068
11.224203429286922
15.172441527528695
13.820028106590362
12.502731252262686
12.425285456101895
9.90897368092056
10.276596062596544
10.083875191055757
13.83490151547172
9.939121169626851
12.40722640093668
7.302031434655125
10.092844063325453
7.153064336946543
16.98400514692296
8.008282556263374
8.662524634206367
6.70628088006735
10.839546944404251
6.835458755217266
10.456720024273668
6.509679964783662
10.471929789300912
8.177695787635068
9.852026257219489
5.950042228853887
6.852002464665927
8.975113981649045
13.434290441349306
6.4749663639735
7.767420933462105
8.083801651779357
5.904025756093452
9.988130895377594
11.059660728115302
6.67927173308706
12.009301557671387
8.462498501582635
12.604358494364659
9.621769531814405
14.58015932541336
15.439720954136947
17.187454233510707
10.89077064592372
9.074571563059937
9.43332429476667
10.613912274707163
14.422352239961915
11.829043689604744
8.163792789907344
9.525380451333199
10.61012915561476
11.763525519315245
8.493898302445604
10.115670377111538
15.43065312036451
16.214527600141714
11.859860420810676
12.590458200949712
15.21341250477995
12.898551672385246
10.407103615777581
13.824696890776869
11.400206311338293
9.909171554677627
11.54879378451251
10.882700730722762
13.471380339443046
17.124026238157082
9.172480302103606
14.946757930181262
11.157825663505468
10.533939305256252
15.806259654036824
11.782757075474137
9.860419594832779
14.16572234125825
9.99169075876307
9.51834560787245
16.87000517021103
13.522434196332876
10.22043721182732
16.452789861111352
9.51495547286188
12.08688614217635
10.323692009245342
9.371305963976722
13.683343403822075
9.526780090556247
10.327097288753954
9.625777776759055
8.238574571976876
13.1450795708633
7.789669552441607
11.667608588235451
8.604020367470376
11.375997673903361
9.747601332780857
14.402747025798226
8.778787514344728
12.47399596620085
12.838099092671076
13.429248397765175
15.991174074169614
12.455705556403785
13.521363780425823
13.09519808980531
13.019739285327372
11.326894611975984
13.162167228768558
14.688575981419893
10.970949693277424
18.060505544081025
14.428874698159468
14.275626559158452
13.323308651931383
15.338457097243609
16.252672177983733
13.70966820709302
23.762080161372808
12.712905115726484
13.508794032366108
15.600263595049709
15.359128156444319
14.892565520026684
13.372249940125823
11.447447076570592
12.043334139195048
13.442724775127848
13.05743835489647
7.786275103511302
9.065912897303857
7.7379349949575005
10.970346185987903
9.490933119077436
8.540532839613995
9.196327770637804
14.443427863207106
10.559466278880112
8.657524223969439
13.458083057468258
10.933667737374774
16.331548441577105
10.364258930005244
10.835895294213024
10.190327042865581
10.69486078484729
17.170571714288524
12.986278242256358
11.917897563381372
11.65686469111818
13.716449473149893
10.201323376546583
11.701427808583835
9.566791713902761
10.457432024442868
12.376037617065041
9.84846488058068
11.220240991817706
10.090959325007473
9.297265138377478
12.78086913313674
13.702554262010864
15.471198962353522
15.750797691676391
11.693695672864779
9.755769386733927
8.090199456389305
11.196660168650242
14.858997633250764
9.9684198767876
9.429998416309473
11.07810583509206
8.020006785979135
15.778972032467811
9.63424705476884
13.87696124863957
10.462229412456315
11.16412956037978
13.673782267777785
13.097705880865878
13.204155904586495
7.326921751946378
8.190139772506084
8.30819375922922
9.355372491937988
14.04567410769947
6.790995063125008
10.855805957612931
9.486723778306914
12.948331661649528
10.088412303266724
8.67669579217287
12.279284884939894
9.478070158086522
10.86567104550799
8.402910628835185
9.41663356172035
13.42688123167308
10.0503633870886
7.932932019384465
8.236960559143736
13.2012937812618
10.268561257289138
11.531627583540248
11.179264822569731
9.511866598148066
13.732012237862731
15.809379156211413
12.641174339386161
11.895378630885954
9.81175267123145
9.509677544858995
10.473472543978694
9.272776744268418
8.329787575228128
13.242208861218275
9.293822204776566
8.348372173546206
13.92961995196455
11.115863066809032
9.235480947110542
9.37917482766242
10.857279876470452
9.515245648889131
10.484928645062135
13.468535225719906
11.219530959597423
9.280182340686066
11.913741584641238
8.96192173083189
18.372520240097703
8.251774644404579
9.15496551057558
9.782428921751384
11.7468914915638
9.86166466884876
11.776496786494628
10.716187290972671
11.374424917533279
9.874219290272015
9.726873299915992
10.509892464929015
11.900128165572239
10.928423069648073
12.908146158742332
9.693102059770991
9.075209409235079
11.580215963820807
12.219617679606483
17.960644895683448
11.992749067516062
16.613306041432814
17.424744240799697
18.953547448289243
15.090102950442029
11.60861214938105
14.548366598149205
15.897489571760307
16.862981433205057
12.979059396680526
12.694961975727804
12.048593669488332
15.199935085308605
12.689976942064733
12.226256240347672
17.624437865036537
11.642756784165364
13.19445009144766
12.439429762948556
15.149839756720985
15.990922549869621
17.428107989968385
14.681456640354133
15.706501571151003
16.805571430741033
15.552700448729746
12.122550678027892
18.053377306081284
10.384054571475065
12.931522150831839
14.105528892811849
14.018500059323587
13.848661784157688
11.047311487739195
15.258249504992117
17.85783769768746
14.527999658788726
14.200429858061309
13.765911072801284
12.005285870529685
17.717202224304664
13.689884326890512
13.584707752068462
16.369605926537325
14.938684527322442
12.840667638924696
13.419784487978012
13.003388596697572
13.438816093734692
11.2587535944579
15.064723748559867
11.628716523035378
13.82267055485434
16.39785240597446
14.242521452297682
12.172059022511808
10.146715362966145
12.719697518779588
13.049495086484878
14.651935000644507
11.299160077482025
15.940470978603443
10.515026676083506
14.812919865444696
12.431577334887187
15.2821750583278
13.988637247751521
12.312278518114347
17.531089978070565
10.58988889246525
13.6203889051668
11.968247161416118
11.747574124912193
13.910372642743539
13.030202663394512
11.919780150800099
12.56706749835413
9.8723419798339
11.700416474530648
17.85198084276418
18.093269625238044
14.903128312309944
15.567580193193889
15.768868368530494
11.00424028614294
14.828475770974235
14.529748902507151
12.913649241562245
12.629974774756612
19.06977763152284
8.61013820318081
12.192084927408514
8.476508800144067
16.716834356632155
11.859388450956398
9.157832839399239
17.58370979037592
13.361298574101621
13.800930690035294
14.629467420460223
9.855712745472392
13.828564803786245
11.222739078154287
13.23593805012818
12.768869873406816
17.398522385608597
13.857669813137997
14.58550495552131
16.951301944026238
15.050580585838082
11.025936111637648
12.717064559894675
15.507076737131845
8.135278889492593
10.365230203539541
12.490881823701416
11.50878119873919
13.376941477354283
10.438054054446237
