9.706853521261158
18.033397688571892
17.990181865604573
10.355296063669089
12.858818303873367
11.175211037428502
8.73467320546682
11.268447925979027
13.362959153828053
14.500335636882665
11.853677102917965
9.734476117179145
19.127673951799043
10.057101478913497
14.741293690290115
11.187033777078758
12.550039282064327
13.751218721774631
12.027200506801119
14.839010182637177
13.444362224936567
15.37084532054494
11.844367266509966
18.056364778058
12.940092279993367
10.594386816955701
14.577717835321288
21.488794725590346
14.48804800337961
16.441381421467284
17.194202547917275
18.013116672891165
13.124956009423945
15.573538984622804
15.704644825802323
11.810116498953494
8.674646522050173
12.986771325191484
15.483288690775087
17.54874088215149
12.423685651507556
17.370908627573243
11.989467632692454
8.659276216868193
15.500020667668155
9.891600535816984
7.461150805615876
17.47009594560617
12.697497514574827
17.5086305347843
14.68218144521306
13.733118046477136
17.96157445094847
11.50927246615246
10.30257057312148
11.008300587794244
18.75441075970084
13.350544212231158
16.015748607168657
12.977393855613775
19.298792802572915
14.627867769740764
9.931072273892152
11.618007318431886
17.834451494919946
14.912256423239558
16.20767535004553
8.913460384799892
10.790440713904426
15.738040340139802
10.198105281244192
15.642858420782172
18.90175835436958
13.55807323972632
11.682452179260725
15.828563391916381
13.026188126172682
8.052384991056078
14.452556555867517
13.243309687508486
14.553881519891288
17.865270628671926
10.490755098328927
13.16741086473622
11.63173760442704
19.280852859029984
19.986476958372386
11.070132842077927
13.491496351635057
18.6822198831522
14.362840180012743
12.58109256856921
9.852904697429926
10.956870190993659
9.751930106601797
19.352818955840263
14.325309283494528
19.608252876235635
9.375581068866099
18.803938290064718
9.951226266022625
9.71109091507259
19.840967436117612
17.491850967436566
15.835044076779974
13.552980328206335
13.416952201151892
17.619943413751766
12.205785081237096
16.179830411204215
11.421742749507787
15.971302053444093
14.950078523272598
14.79422937960992
11.512345491280215
14.58838676819145
10.031745573705376
13.11170726832611
16.80109708520061
12.693373233702733
13.30640613558274
10.712537851389278
11.672613546018841
15.747046698425597
14.19550351777597
9.264322901278355
19.082274004200883
11.394812618862783
12.279605979805742
16.347952081087904
9.711878963238208
13.87277719023383
17.56334478249045
15.256899059717817
9.709825102469878
15.716498955281441
17.805383935265315
16.235305723345416
11.59700047276023
12.31234004460072
12.689711908921748
12.952657685926047
13.379257449351128
11.929026962485427
11.015266614300314
13.859977867773678
14.289232246062463
8.835515589824137
13.74912544279866
14.26200544759942
8.72978215654479
13.265714884507855
11.809568197401495
10.744846005032441
12.670170080619675
12.703246961013452
15.913980085990348
15.087373727908389
15.14071070976608
12.855727823593002
12.683644113309278
15.528962521867
11.011782508746196
10.526134437881705
9.440037141902618
11.205561564625233
17.789170505071912
16.57622141711129
14.089336027540028
11.000111447053792
18.600376746749163
14.914571002684394
11.881271436336524
14.597491391940755
13.54112025548534
12.14138786157205
14.307939385353526
13.477402601719577
12.704412016438946
10.404067147419077
11.759449287273702
11.479262551502307
13.006080170284335
15.338352318000672
11.454725218709635
13.158591405452876
14.954518192739895
13.966885234858138
13.400774809772278
9.796745569884527
14.985427095225653
14.01424173774453
13.43869829812892
16.826641529615234
16.334435504688937
16.279157642398822
10.16786146708445
14.72487522118411
16.91814587339397
14.259501689713627
9.423017797890909
14.098451134308624
11.766192910525083
13.927648595111378
12.552195702183344
13.285003835748775
11.759505513585472
14.23580790630851
10.37309158486212
15.396297182104291
18.22451234200108
14.017442619711778
12.953526921778614
14.265271138810213
14.885391712470138
13.268976888542095
13.843856965272794
16.4199820264419
16.868914047517976
10.279130791472825
11.211701226619486
10.782957301071656
9.416500500523702
11.754831638579779
16.431639639136076
17.336620513956163
12.30149221028579
12.25366486486054
16.988747537329125
12.238446139836116
12.074077921148255
16.661880405708494
14.759967916976294
8.710688323067565
9.354986410917855
9.181601161668938
14.18232451259847
11.634868679580793
11.547515596304756
13.966353900464886
14.21666576145569
12.814140725657975
12.721859401560808
14.855571736878073
11.518061969457774
16.56392143660793
15.577694116276362
16.154538821500196
15.632973598636974
17.176185323578157
12.758616718360372
10.338815508206489
13.88554215239228
8.832711249353526
14.342257605124528
13.276038589607976
17.921721139376366
14.210927733836064
11.514926511605573
10.782683706405484
15.836307350835643
11.852038741775369
13.084450201386941
13.487964512025506
13.999841379611823
14.649211855590828
14.748942893020457
12.821905241910114
12.949651753713928
14.458027947636763
14.662296669953127
10.00616981600083
17.489081319597965
12.464919958931711
11.294769192574428
14.540714139988
11.113801623993513
12.066287390361904
13.32792947133699
12.282433286077977
10.752798653584845
9.542406056383355
13.462895480326079
13.976950944095286
14.94403914044739
11.71825543047094
12.016761625664943
17.189994990388563
14.451234892642866
12.809068064818593
15.072754179320118
16.355978577055247
13.943415892801097
11.371159525312766
13.651879988403254
10.86060723424019
18.56454603329082
13.424459562510716
13.918598310318654
19.303544720293342
20.497277933391413
15.693969963416464
17.968432663348512
15.797768737729527
16.462239226001753
13.451312057944294
21.54875912378932
12.705331297971776
13.092996514123454
10.711966001485122
15.236177248038151
15.882636778910536
17.2461877430236
13.657453550569134
22.523873977325092
15.58488432806559
12.199712163536653
12.043784756299493
18.32193775398654
18.913811174390354
16.588553521264274
18.494651231798947
13.253437099493215
9.965709881175652
13.144873926474373
16.952264491865446
22.020749539339402
18.2033616736012
15.141185165425613
14.931321659620982
12.88188790519461
15.016233025090955
14.185572095054063
18.495824226416623
12.416843623662844
17.491219317435824
14.749949865624144
13.149439177332713
13.939801781925551
10.624216906634496
16.423193179838027
14.418920184941918
8.747115427361493
12.274806620890683
10.979143231837176
16.31739984618112
10.526393856812074
13.143420893383661
13.617935649315104
11.599231359569274
12.473965185435663
10.276112615692934
12.063446975308885
9.779886806812815
12.7609148680192
16.831495950050567
19.30497317542713
12.57117698256965
13.694983406904333
12.090806535509593
12.593214740019889
14.778911936135755
13.464616761499526
16.088029578833833
18.163312812871958
14.991664885217489
13.076773723972396
11.796139430157515
19.744616829105325
18.407857886892234
8.92713107313687
14.52647672850334
12.595262380976031
9.131621960630305
12.021001576420879
14.227324672025404
15.90797146259069
14.474608937328147
11.530989474226748
15.242455694215117
14.470853755714051
22.937439203774222
8.895590678841751
13.720727663575675
9.44686640387934
13.21939040496487
22.555017974001913
16.255574865754873
15.926097302757748
17.337448155179676
16.74718210779564
11.46494867402988
15.480880018252744
12.646220303576854
15.262044482288832
16.73905694468623
20.94601604076016
13.715999816537437
12.931372517647675
12.628055219182995
13.788306456783225
16.71680707269432
16.027272781011625
18.492956740897938
14.11653141080485
11.251683913085646
12.88271169423846
16.853989471713415
13.990052870030828
13.3497521835579
14.528903393900935
11.837229771814105
12.235919563198319
11.63554272978735
15.221698344460636
19.18229607806086
18.938672457301486
15.57124889195759
18.017770406271836
12.438722269256568
15.40532216692261
15.907659115878142
13.129204723521473
14.63989535745775
15.26713631921363
15.258628242048795
16.311769580766406
15.502892875938173
18.636649002177666
11.686844524779556
18.42613307363427
16.468975215534535
16.933669928119677
16.59831691046849
21.74164137842268
17.660890364903256
18.109175489571722
11.677404284325572
14.57449889039946
12.64555633402133
16.15363333159487
17.846308900732662
17.00460905444025
15.141909171878444
17.849329097346956
20.881947765333692
13.382987870138072
13.285054708223349
16.971256095177207
11.247223179806893
12.967620723630594
12.719079481672958
14.183605219393689
14.039833904794435
14.187870323162866
8.752126530414065
13.823306083957213
17.109029293963196
13.553977915600155
16.861016643002095
17.569117907321342
8.767847342420046
19.878263820993414
12.356166416448627
14.525472938331982
17.011625510272918
14.8049773851249
17.58892942215157
15.561704198068119
13.112740604320985
11.716344782277815
16.456615018213977
12.518545061551517
14.823110785500635
11.19635421657751
15.11077505513779
11.580641876155251
12.440436223944356
19.01389365469723
15.997251374057516
17.03148247668662
18.17072427956232
14.205323207311386
14.521853525734292
17.19163229313669
19.325576345065716
9.933982803524879
11.524301655257624
12.603954757032858
12.797942112390668
16.369806364958794
19.019974444237352
17.136609813061302
12.49290503385378
14.063692935682138
13.791789874689886
13.961494831942494
14.604681890350621
9.047774191685747
13.772920991649508
10.822653327059106
15.72313107438255
19.8267200194429
15.37398321254989
12.917918153942502
17.167831652596167
17.046615507090955
16.040767002358734
15.343017696141331
15.419316779502111
15.052772889085679
22.144375313383193
11.789632908110361
18.22271574415184
12.682631035222816
17.919995793613925
12.081029716975282
11.291781695702955
13.601999628069535
14.653776436284431
20.026447559237905
14.764262726337819
18.169584487191578
15.685981527965989
16.58488979891747
13.962184537739116
14.247013398030216
15.848174684621524
12.15836106643914
14.526984026074347
19.091440365799514
15.204691822626852
17.68013462695786
14.22608180641248
18.56871234566041
15.013620355277643
21.641849219900624
16.098100388738978
19.905443217768976
19.663352395403667
18.530587361894067
18.205143505163537
12.501418238966776
11.93179860669079
12.944616437099905
15.377359925558352
14.171814677126324
14.039699307458438
13.733430725767064
18.376823487046355
20.291964386300336
17.70604092839814
18.873812464303814
14.56415842119178
12.032676947913606
13.22934184529986
10.467633270980908
23.659047082696347
14.717132257266659
14.064158717869358
17.903865374337997
13.973991238441828
14.331195018302346
16.33081483082206
13.80054913366427
12.82577060805608
10.736282485612938
16.63323680550914
15.802406258730556
15.744097876561936
18.835264617317925
14.74301958922076
14.637783926803419
11.7969661962015
11.603132616242675
12.513187254573394
12.4308489381943
17.20646348879798
16.397475127404043
18.241251629699548
15.33994087226288
13.773467644673795
19.466440895332447
19.038800086637174
14.760779962417669
13.762841277342114
13.877261640803464
16.691486800694125
12.950453553581216
13.75106653226792
17.45401629039495
12.223836412363374
17.12100575928016
15.893979249110483
9.396775133533925
19.478514711929126
15.840504664880235
14.681614079206051
18.18533760470918
19.47432782635114
13.264647799688214
16.97384846542367
15.591161816227487
15.10112205341892
16.60161419708417
14.556428017598181
16.194648531487246
18.84957075796859
13.473758672005117
13.470354749258222
15.248358616671439
13.903238379710787
13.6615953062406
17.32989577215279
13.761470981000162
15.542524076973836
14.13004898289205
14.036599001642015
14.51395544943679
16.663130570478746
15.978109466691858
15.470905156512451
15.61375934701854
13.101452974190037
17.918642436237004
13.715211371911279
18.50248732946501
12.947890156208024
14.260901037552202
17.848664376178515
16.97982555325495
13.512745979028713
11.63306753925692
13.121635181437679
20.13420797773595
17.085454529217035
14.100753806690445
14.163137344695434
16.966676337181926
12.17285815948252
15.01173612527187
13.353100155317756
15.884336568774817
15.68046010128799
14.96777990826973
13.951986968982588
9.729456843763078
16.7180855864215
15.155705088286728
16.493231335098123
9.585197023196285
13.131704887407885
14.142411330006619
13.050616236009379
14.966911564907091
15.70265491561461
14.071095543537297
14.484011676317857
14.271837342195802
13.785993754239009
17.9050340207165
15.306857572612198
19.891247663319657
17.502664136357883
19.096647593630568
14.285639712783484
19.078007133189804
18.89355725230626
14.97681088146281
10.12113919757963
13.838014791354267
10.311855771771052
12.944345684482
17.39994379754134
17.271327893799683
19.58252103549836
13.164234929302488
15.676662083217137
11.679595216634745
13.773671850912017
12.114697245539515
15.188607151272231
14.600441359063218
15.458437396611716
15.373088775075587
13.845232743455938
15.400571481524107
13.11899749879687
14.381845715917004
13.509980025998344
11.256260360426532
13.925401920217926
17.39495679085725
13.657022632272302
17.350613524911886
14.015729939536083
12.699095336085572
17.550273470790923
17.92669608105281
16.29944477158582
10.874476346979963
19.66438142539034
18.04176936000492
12.093765360377885
14.811092293532372
19.644074894477285
17.99204348405385
14.411311247335256
10.362020764551243
18.313957043786424
22.01712870021923
13.990694277300378
17.116991471467028
18.288549638655915
14.478519717548542
11.616387055954549
10.200518934551097
20.174892270183314
15.470568302146448
18.778051977785537
15.520922483259909
14.324275185288723
17.03082198170099
15.628891156472612
17.788761239959836
15.74706955391311
14.42279545587667
15.25569328152593
12.986934842737476
19.753361843350355
11.88172416993613
13.499857900461144
17.954611277704583
19.607538756523113
15.683479833720966
13.51338784902442
12.106461149446794
18.438085324944662
19.667801929117225
13.737638506931331
10.916277906292995
13.786659577358993
11.428329284273607
26.635823191429292
15.903778156356813
18.475115973511336
19.14483895602385
17.685390777295357
15.379673861085564
14.489877239872076
10.031842243818662
12.166798767602112
16.368527475666806
19.114324528697928
16.938097158880876
18.047599444546012
18.713118439834695
13.256273930449742
13.872903901348476
13.77765849009839
13.055891641648182
10.695806674177364
16.38074290662169
17.493706825840423
14.056213746681271
13.567320246202978
15.426690136898115
16.142465129328162
13.242139089873975
17.17524813967638
15.005785579502968
15.943394951453906
11.47700984501792
13.912131183824524
11.518368089852077
15.088534872189918
20.393958919395875
14.042134262924659
12.78358601499023
14.90054707100118
16.027928149991318
15.880396839859499
17.895392275204436
12.146549809006332
13.930712391637181
13.358037738783539
16.37677743443273
16.292637704195656
10.881758678955086
15.886031100760865
16.21549831382256
13.810081259520288
13.00850786962358
9.277462968653388
15.499788236183022
12.373121155551003
15.546422506540614
14.46210781986678
11.946741744683743
8.536075102450413
20.041511275228896
15.890713649037693
14.435520712491607
12.391483630837794
16.64144299740992
16.018269821540542
13.650726641193224
14.858839199309916
16.289609906227007
14.746456753907331
13.94244118430088
12.70693738094758
9.835289370153538
14.993726785673644
17.97169387516827
10.700971998261142
14.738887123757266
17.21176096139493
15.107535612239785
21.2161064072903
12.692032455199145
12.696014416010403
19.852033985361597
16.694361297719684
13.604486685923595
13.333738870993644
17.01046137038879
13.05051611763629
16.1450459708892
16.66503904944765
13.368270125983178
22.440731279015324
19.85768867800085
15.651303710816386
13.715653079586692
17.57978830497498
14.476560540009803
17.066379403272958
12.810028046059813
17.15528992677313
14.198660819518233
13.466217303402582
17.668842253083366
13.065350385322883
16.748940670732328
14.995997321295937
15.8897725161822
15.249475618341233
15.425681895568367
19.33296483177051
14.77985507353549
14.60130783206823
14.522429298753735
11.28163711094122
17.273609168072532
14.681525473026367
15.170898940844861
17.03290585857762
9.09951576647596
9.055835437595844
11.31140843741778
18.039422746967006
15.001510383074358
11.94668543852725
18.288399016169926
19.98136894615504
12.612647271639947
14.891972801824366
12.252230107255304
11.81899346752789
13.643301559209021
13.35950866127461
11.793729231060322
13.105098309023111
15.100844186593623
12.320353690529165
16.902030561651387
15.897858933027523
11.251579486141358
14.418323836042854
9.199666175552487
17.21180650303697
13.694792773894589
13.19041679665922
17.486113712481092
15.183051745915924
9.53641984235861
15.05016953428291
13.610154566077451
13.255167461697534
15.05194749547392
14.871961052603066
15.751567846271525
14.24283754982489
17.715807691068022
19.385533443557037
17.899487996574205
11.991053956300584
14.970049212165184
16.294124055346803
14.31261365440491
17.504328369555676
18.465493856592087
16.385340124596514
12.37182807157023
13.59919567254217
8.247641775444515
11.051660354479882
9.704258584931889
15.975495378604458
7.461774587758807
16.010179506004445
15.927753200228116
10.90656978439719
11.663119699035946
13.809619870320507
12.05240692183593
15.906542099447847
15.873518770628914
16.790623419599235
14.284713601741531
13.27904840138765
14.211448505605304
15.652356588583341
15.482903745409562
13.189253714841822
11.861449496002793
11.128709315390594
12.403163075830742
17.422331833813708
12.612540701969644
14.110031152057543
18.819085115991847
18.3286799105658
15.485317306426913
11.953766010839276
17.620918328037046
15.352075906776195
16.666771176613448
13.663401968833607
13.359138843786956
16.589143694129906
14.242307362577009
14.470753378858982
19.582987286638637
14.68410086426347
18.937268916347932
18.21712544131595
17.092103188018687
16.781638197405425
16.677863543331547
16.97389719031812
15.888268348359365
17.66676286540723
18.94497590628324
15.24042198792102
14.291668054031996
15.727315300408993
12.434432008552516
9.22210753405022
13.495860885583124
12.811602826591841
10.412664353400853
14.25193797855253
17.846815039755594
14.23233003798515
12.284716064836775
17.002110427702295
18.69694826943663
17.459433142571854
13.948260936015428
13.03668870764688
10.470989376194236
14.118485763044337
15.912290172926088
12.538136928125365
13.208317960543166
14.700604829380127
16.168773176992072
16.768225304773082
18.240654732084415
18.91093908728954
16.87704681018332
11.262070407287359
14.87070670324071
11.839037110404812
11.592550395784494
12.80635970394232
11.34559360265654
10.153843686171188
11.646062185481664
10.435581565521911
14.085450235880126
12.796453818339884
11.083698068446322
13.775434186608573
10.275022785638061
12.365221734206598
14.693479245366335
12.886577252556448
